0	0
-0.346819863630491	0.0
-0.346819863630491	0.007936507936507936
-6.721606221193121E-12	0.007936507936507936
-6.721606221193121E-12	0.015873015873015872
1.0	0.015873015873015872
1.0	0.023809523809523808
1.0	0.023809523809523808
1.0	0.031746031746031744
1.0	0.031746031746031744
1.0	0.03968253968253968
1.0	0.03968253968253968
1.0	0.047619047619047616
1.0	0.047619047619047616
1.0	0.05555555555555555
1.0000000657827495	0.05555555555555555
1.0000000657827495	0.06349206349206349
1.0000003110873223	0.06349206349206349
1.0000003110873223	0.07142857142857142
1.0000003815581424	0.07142857142857142
1.0000003815581424	0.07936507936507936
1.0000006182904964	0.07936507936507936
1.0000006182904964	0.0873015873015873
1.0000006469181273	0.0873015873015873
1.0000006469181273	0.09523809523809523
1.000000728429637	0.09523809523809523
1.000000728429637	0.10317460317460317
1.0000007837351337	0.10317460317460317
1.0000007837351337	0.1111111111111111
1.0000010328899567	0.1111111111111111
1.0000010328899567	0.11904761904761904
1.0000014986022459	0.11904761904761904
1.0000014986022459	0.12698412698412698
1.0000030371092241	0.12698412698412698
1.0000030371092241	0.1349206349206349
1.000003317511006	0.1349206349206349
1.000003317511006	0.14285714285714285
1.000003440211835	0.14285714285714285
1.000003440211835	0.15079365079365079
1.0000050980594106	0.15079365079365079
1.0000050980594106	0.15873015873015872
1.0000312108886846	0.15873015873015872
1.0000312108886846	0.16666666666666666
1.0000357106085354	0.16666666666666666
1.0000357106085354	0.1746031746031746
1.00004618686255	0.1746031746031746
1.00004618686255	0.18253968253968253
1.0000929005747585	0.18253968253968253
1.0000929005747585	0.19047619047619047
1.0000975797091385	0.19047619047619047
1.0000975797091385	0.1984126984126984
1.0001080649485865	0.1984126984126984
1.0001080649485865	0.20634920634920634
1.0003419777617917	0.20634920634920634
1.0003419777617917	0.21428571428571427
1.0003419777617917	0.21428571428571427
1.0003419777617917	0.2222222222222222
1.0003965299770063	0.2222222222222222
1.0003965299770063	0.23015873015873015
1.0036456607954498	0.23015873015873015
1.0036456607954498	0.23809523809523808
1.0044276609293583	0.23809523809523808
1.0044276609293583	0.24603174603174602
1.0051696917737982	0.24603174603174602
1.0051696917737982	0.25396825396825395
1.0051697861784938	0.25396825396825395
1.0051697861784938	0.2619047619047619
1.005591563169539	0.2619047619047619
1.005591563169539	0.2698412698412698
1.0097941373346528	0.2698412698412698
1.0097941373346528	0.2777777777777778
1.0107142066679837	0.2777777777777778
1.0107142066679837	0.2857142857142857
1.0157560053333332	0.2857142857142857
1.0157560053333332	0.29365079365079366
1.0181446153199707	0.29365079365079366
1.0181446153199707	0.30158730158730157
1.0293842018158148	0.30158730158730157
1.0293842018158148	0.30952380952380953
1.0410806199881957	0.30952380952380953
1.0410806199881957	0.31746031746031744
1.050818502881871	0.31746031746031744
1.050818502881871	0.3253968253968254
1.0780108078873603	0.3253968253968254
1.0780108078873603	0.3333333333333333
1.1246076092244892	0.3333333333333333
1.1246076092244892	0.3412698412698413
1.3408372272756488	0.3412698412698413
1.3408372272756488	0.3492063492063492
1.3458903548211132	0.3492063492063492
1.3458903548211132	0.35714285714285715
1.3695870174477196	0.35714285714285715
1.3695870174477196	0.36507936507936506
1.3738635244	0.36507936507936506
1.3738635244	0.373015873015873
1.3807100766462708	0.373015873015873
1.3807100766462708	0.38095238095238093
1.4135750464956855	0.38095238095238093
1.4135750464956855	0.3888888888888889
1.4690116162313849	0.3888888888888889
1.4690116162313849	0.3968253968253968
1.4781564085	0.3968253968253968
1.4781564085	0.40476190476190477
1.5062895179533933	0.40476190476190477
1.5062895179533933	0.4126984126984127
1.5148575795985788	0.4126984126984127
1.5148575795985788	0.42063492063492064
1.7594808899412597	0.42063492063492064
1.7594808899412597	0.42857142857142855
1.800646849874136	0.42857142857142855
1.800646849874136	0.4365079365079365
1.8356614307427008	0.4365079365079365
1.8356614307427008	0.4444444444444444
1.9276232277147085	0.4444444444444444
1.9276232277147085	0.4523809523809524
2.036701988917428	0.4523809523809524
2.036701988917428	0.4603174603174603
2.1312564976974353	0.4603174603174603
2.1312564976974353	0.46825396825396826
2.6859228494050362	0.46825396825396826
2.6859228494050362	0.47619047619047616
2.8768131845350684	0.47619047619047616
2.8768131845350684	0.48412698412698413
3.5275786858679656	0.48412698412698413
3.5275786858679656	0.49206349206349204
3.856383725381655	0.49206349206349204
3.856383725381655	0.5
4.055173368786095	0.5
4.055173368786095	0.5079365079365079
4.810793753143059	0.5079365079365079
4.810793753143059	0.5158730158730159
5.676423692966464	0.5158730158730159
5.676423692966464	0.5238095238095238
9.658709136245635	0.5238095238095238
9.658709136245635	0.5317460317460317
10.525206471679544	0.5317460317460317
10.525206471679544	0.5396825396825397
11.257372455542896	0.5396825396825397
11.257372455542896	0.5476190476190477
11.868349044331012	0.5476190476190477
11.868349044331012	0.5555555555555556
15.110333741973406	0.5555555555555556
15.110333741973406	0.5634920634920635
16.53015384856463	0.5634920634920635
16.53015384856463	0.5714285714285714
16.689231002294132	0.5714285714285714
16.689231002294132	0.5793650793650794
20.530367474692365	0.5793650793650794
20.530367474692365	0.5873015873015873
26.836123274370255	0.5873015873015873
26.836123274370255	0.5952380952380952
27.099267472889174	0.5952380952380952
27.099267472889174	0.6031746031746031
29.214272095312623	0.6031746031746031
29.214272095312623	0.6111111111111112
32.153331771840065	0.6111111111111112
32.153331771840065	0.6190476190476191
33.793022183759426	0.6190476190476191
33.793022183759426	0.626984126984127
109.58195827230902	0.626984126984127
109.58195827230902	0.6349206349206349
194.36918038502228	0.6349206349206349
194.36918038502228	0.6428571428571429
305.8167569549577	0.6428571428571429
305.8167569549577	0.6507936507936508
754.1488297069432	0.6507936507936508
754.1488297069432	0.6587301587301587
1516.1964322648691	0.6587301587301587
1516.1964322648691	0.6666666666666666
32850.9069054784	0.6666666666666666
32850.9069054784	0.6746031746031746
39898.94468490641	0.6746031746031746
39898.94468490641	0.6825396825396826
40624.895493166565	0.6825396825396826
40624.895493166565	0.6904761904761905
80570.70018768386	0.6904761904761905
80570.70018768386	0.6984126984126984
1876310.1990621702	0.6984126984126984
1876310.1990621702	0.7063492063492064
6.958650485719193E8	0.7063492063492064
6.958650485719193E8	0.7142857142857143
1.5E9	0.7142857142857143
1.5E9	0.7222222222222222
1.5E9	0.7222222222222222
1.5E9	0.7301587301587301
1.5E9	0.7301587301587301
1.5E9	0.7380952380952381
1.5E9	0.7380952380952381
1.5E9	0.746031746031746
1.5E9	0.746031746031746
1.5E9	0.753968253968254
1.5E9	0.753968253968254
1.5E9	0.7619047619047619
1.5E9	0.7619047619047619
1.5E9	0.7698412698412699
1.5E9	0.7698412698412699
1.5E9	0.7777777777777778
1.5E9	0.7777777777777778
1.5E9	0.7857142857142857
1.5E9	0.7857142857142857
1.5E9	0.7936507936507936
1.5E9	0.7936507936507936
1.5E9	0.8015873015873016
1.5E9	0.8015873015873016
1.5E9	0.8095238095238095
1.5E9	0.8095238095238095
1.5E9	0.8174603174603174
1.5E9	0.8174603174603174
1.5E9	0.8253968253968254
1.5E9	0.8253968253968254
1.5E9	0.8333333333333334
1.5E9	0.8333333333333334
1.5E9	0.8412698412698413
1.5E9	0.8412698412698413
1.5E9	0.8492063492063492
1.5E9	0.8492063492063492
1.5E9	0.8571428571428571
1.5E9	0.8571428571428571
1.5E9	0.8650793650793651
1.5E9	0.8650793650793651
1.5E9	0.873015873015873
1.5E9	0.873015873015873
1.5E9	0.8809523809523809
1.5E9	0.8809523809523809
1.5E9	0.8888888888888888
1.5E9	0.8888888888888888
1.5E9	0.8968253968253969
1.5E9	0.8968253968253969
1.5E9	0.9047619047619048
1.5E9	0.9047619047619048
1.5E9	0.9126984126984127
1.5E9	0.9126984126984127
1.5E9	0.9206349206349206
3.3045575158671818E10	0.9206349206349206
3.3045575158671818E10	0.9285714285714286
5.328222012903962E10	0.9285714285714286
5.328222012903962E10	0.9365079365079365
3.3073060039851376E16	0.9365079365079365
3.3073060039851376E16	0.9444444444444444
3.307308274904284E16	0.9444444444444444
3.307308274904284E16	0.9523809523809523
1.71860912710936256E17	0.9523809523809523
1.71860912710936256E17	0.9603174603174603
4.405898866412153E19	0.9603174603174603
4.405898866412153E19	0.9682539682539683
3.5289585680667823E20	0.9682539682539683
3.5289585680667823E20	0.9761904761904762
7.022775092524088E20	0.9761904761904762
7.022775092524088E20	0.9841269841269841
7.637770021518792E20	0.9841269841269841
7.637770021518792E20	0.9920634920634921
9.058091060820796E20	0.9920634920634921
9.058091060820796E20	1.0
1.5E9	1.0
