0	0
-0.4962043013114921	0.0
-0.4962043013114921	0.007936507936507936
-4.74245963695567E-10	0.007936507936507936
-4.74245963695567E-10	0.015873015873015872
1.0	0.015873015873015872
1.0	0.023809523809523808
1.0	0.023809523809523808
1.0	0.031746031746031744
1.0	0.031746031746031744
1.0	0.03968253968253968
1.0	0.03968253968253968
1.0	0.047619047619047616
1.0	0.047619047619047616
1.0	0.05555555555555555
1.0	0.05555555555555555
1.0	0.06349206349206349
1.0	0.06349206349206349
1.0	0.07142857142857142
1.0	0.07142857142857142
1.0	0.07936507936507936
1.0	0.07936507936507936
1.0	0.0873015873015873
1.0000000000002034	0.0873015873015873
1.0000000000002034	0.09523809523809523
1.0000000005246696	0.09523809523809523
1.0000000005246696	0.10317460317460317
1.000000003208406	0.10317460317460317
1.000000003208406	0.1111111111111111
1.0000000080000002	0.1111111111111111
1.0000000080000002	0.11904761904761904
1.0000000080995421	0.11904761904761904
1.0000000080995421	0.12698412698412698
1.000000011130987	0.12698412698412698
1.000000011130987	0.1349206349206349
1.0000000203844517	0.1349206349206349
1.0000000203844517	0.14285714285714285
1.0000000276000007	0.14285714285714285
1.0000000276000007	0.15079365079365079
1.0000000276250567	0.15079365079365079
1.0000000276250567	0.15873015873015872
1.0000002644000698	0.15873015873015872
1.0000002644000698	0.16666666666666666
1.0000004858310128	0.16666666666666666
1.0000004858310128	0.1746031746031746
1.000000905306857	0.1746031746031746
1.000000905306857	0.18253968253968253
1.000000905306857	0.18253968253968253
1.000000905306857	0.19047619047619047
1.000001158001341	0.19047619047619047
1.000001158001341	0.1984126984126984
1.0000028617081893	0.1984126984126984
1.0000028617081893	0.20634920634920634
1.000004671	0.20634920634920634
1.000004671	0.21428571428571427
1.0000049155797315	0.21428571428571427
1.0000049155797315	0.2222222222222222
1.000007169951408	0.2222222222222222
1.000007169951408	0.23015873015873015
1.000015749235846	0.23015873015873015
1.000015749235846	0.23809523809523808
1.0000254972326297	0.23809523809523808
1.0000254972326297	0.24603174603174602
1.0000290089527288	0.24603174603174602
1.0000290089527288	0.25396825396825395
1.0006800534528117	0.25396825396825395
1.0006800534528117	0.2619047619047619
1.0006800756414183	0.2619047619047619
1.0006800756414183	0.2698412698412698
1.0019380486377938	0.2698412698412698
1.0019380486377938	0.2777777777777778
1.0023657163939335	0.2777777777777778
1.0023657163939335	0.2857142857142857
1.0043421026525134	0.2857142857142857
1.0043421026525134	0.29365079365079366
1.0071035538740916	0.29365079365079366
1.0071035538740916	0.30158730158730157
1.0255503560883452	0.30158730158730157
1.0255503560883452	0.30952380952380953
1.03996605433876	0.30952380952380953
1.03996605433876	0.31746031746031744
1.0458923217374214	0.31746031746031744
1.0458923217374214	0.3253968253968254
1.0536330553854858	0.3253968253968254
1.0536330553854858	0.3333333333333333
1.0819452414260775	0.3333333333333333
1.0819452414260775	0.3412698412698413
1.1234977443484466	0.3412698412698413
1.1234977443484466	0.3492063492063492
1.1414753516357352	0.3492063492063492
1.1414753516357352	0.35714285714285715
1.1455577464131985	0.35714285714285715
1.1455577464131985	0.36507936507936506
1.1540522217699811	0.36507936507936506
1.1540522217699811	0.373015873015873
1.2385020172407655	0.373015873015873
1.2385020172407655	0.38095238095238093
1.2578181019344175	0.38095238095238093
1.2578181019344175	0.3888888888888889
1.274321549006649	0.3888888888888889
1.274321549006649	0.3968253968253968
1.34338153938027	0.3968253968253968
1.34338153938027	0.40476190476190477
1.380257198681434	0.40476190476190477
1.380257198681434	0.4126984126984127
1.385688411704442	0.4126984126984127
1.385688411704442	0.42063492063492064
1.4539246009403188	0.42063492063492064
1.4539246009403188	0.42857142857142855
1.6798800868498094	0.42857142857142855
1.6798800868498094	0.4365079365079365
1.6896404255480204	0.4365079365079365
1.6896404255480204	0.4444444444444444
1.713842437251994	0.4444444444444444
1.713842437251994	0.4523809523809524
1.8129341294492989	0.4523809523809524
1.8129341294492989	0.4603174603174603
1.8815957234901668	0.4603174603174603
1.8815957234901668	0.46825396825396826
2.964496878162471	0.46825396825396826
2.964496878162471	0.47619047619047616
3.9551554226871546	0.47619047619047616
3.9551554226871546	0.48412698412698413
4.120630289022188	0.48412698412698413
4.120630289022188	0.49206349206349204
5.169428993245988	0.49206349206349204
5.169428993245988	0.5
6.538038869614111	0.5
6.538038869614111	0.5079365079365079
9.703807535373306	0.5079365079365079
9.703807535373306	0.5158730158730159
9.971214250134924	0.5158730158730159
9.971214250134924	0.5238095238095238
10.246463879665749	0.5238095238095238
10.246463879665749	0.5317460317460317
10.5008038584957	0.5317460317460317
10.5008038584957	0.5396825396825397
11.17212544399441	0.5396825396825397
11.17212544399441	0.5476190476190477
12.33973452223779	0.5476190476190477
12.33973452223779	0.5555555555555556
12.341633825694343	0.5555555555555556
12.341633825694343	0.5634920634920635
14.011791443895333	0.5634920634920635
14.011791443895333	0.5714285714285714
14.132436201103328	0.5714285714285714
14.132436201103328	0.5793650793650794
15.27038733874331	0.5793650793650794
15.27038733874331	0.5873015873015873
15.878952081504634	0.5873015873015873
15.878952081504634	0.5952380952380952
16.810324054618935	0.5952380952380952
16.810324054618935	0.6031746031746031
17.2138149977838	0.6031746031746031
17.2138149977838	0.6111111111111112
17.512123528966317	0.6111111111111112
17.512123528966317	0.6190476190476191
57.02067486818975	0.6190476190476191
57.02067486818975	0.626984126984127
566.6561731182796	0.626984126984127
566.6561731182796	0.6349206349206349
719.4093153446235	0.6349206349206349
719.4093153446235	0.6428571428571429
34015.470467581465	0.6428571428571429
34015.470467581465	0.6507936507936508
65410.8891943128	0.6507936507936508
65410.8891943128	0.6587301587301587
1047654.5816413086	0.6587301587301587
1047654.5816413086	0.6666666666666666
1.893072540044505E7	0.6666666666666666
1.893072540044505E7	0.6746031746031746
1.5E9	0.6746031746031746
1.5E9	0.6825396825396826
1.5E9	0.6825396825396826
1.5E9	0.6904761904761905
1.5E9	0.6904761904761905
1.5E9	0.6984126984126984
1.5E9	0.6984126984126984
1.5E9	0.7063492063492064
1.5E9	0.7063492063492064
1.5E9	0.7142857142857143
1.5E9	0.7142857142857143
1.5E9	0.7222222222222222
1.5E9	0.7222222222222222
1.5E9	0.7301587301587301
1.5E9	0.7301587301587301
1.5E9	0.7380952380952381
1.5E9	0.7380952380952381
1.5E9	0.746031746031746
1.5E9	0.746031746031746
1.5E9	0.753968253968254
1.5E9	0.753968253968254
1.5E9	0.7619047619047619
1.5E9	0.7619047619047619
1.5E9	0.7698412698412699
1.5E9	0.7698412698412699
1.5E9	0.7777777777777778
1.5E9	0.7777777777777778
1.5E9	0.7857142857142857
1.5E9	0.7857142857142857
1.5E9	0.7936507936507936
1.5E9	0.7936507936507936
1.5E9	0.8015873015873016
1.5E9	0.8015873015873016
1.5E9	0.8095238095238095
1.5E9	0.8095238095238095
1.5E9	0.8174603174603174
1.5E9	0.8174603174603174
1.5E9	0.8253968253968254
1.5E9	0.8253968253968254
1.5E9	0.8333333333333334
1.5E9	0.8333333333333334
1.5E9	0.8412698412698413
1.5E9	0.8412698412698413
1.5E9	0.8492063492063492
1.5E9	0.8492063492063492
1.5E9	0.8571428571428571
1.5E9	0.8571428571428571
1.5E9	0.8650793650793651
1.5E9	0.8650793650793651
1.5E9	0.873015873015873
1.5E9	0.873015873015873
1.5E9	0.8809523809523809
1.2980364746666668E10	0.8809523809523809
1.2980364746666668E10	0.8888888888888888
1.3159658521199587E10	0.8888888888888888
1.3159658521199587E10	0.8968253968253969
7.867503809556042E10	0.8968253968253969
7.867503809556042E10	0.9047619047619048
1.2521425514925372E11	0.9047619047619048
1.2521425514925372E11	0.9126984126984127
6.331957802561108E11	0.9126984126984127
6.331957802561108E11	0.9206349206349206
2.0786617221311475E12	0.9206349206349206
2.0786617221311475E12	0.9285714285714286
2.101499946364854E12	0.9285714285714286
2.101499946364854E12	0.9365079365079365
4.349418915965574E12	0.9365079365079365
4.349418915965574E12	0.9444444444444444
3.241246633136095E15	0.9444444444444444
3.241246633136095E15	0.9523809523809523
4.6674968961165056E16	0.9523809523809523
4.6674968961165056E16	0.9603174603174603
1.0019309598360656E21	0.9603174603174603
1.0019309598360656E21	0.9682539682539683
4.347316886497065E21	0.9682539682539683
4.347316886497065E21	0.9761904761904762
4.4453997881679387E21	0.9761904761904762
4.4453997881679387E21	0.9841269841269841
7.961793151394423E21	0.9841269841269841
7.961793151394423E21	0.9920634920634921
3.4774035145018916E28	0.9920634920634921
3.4774035145018916E28	1.0
1.5E9	1.0
