0	0
-0.2524023146072072	0.0
-0.2524023146072072	0.007936507936507936
-2.22141174896074E-11	0.007936507936507936
-2.22141174896074E-11	0.015873015873015872
1.0	0.015873015873015872
1.0	0.023809523809523808
1.0	0.023809523809523808
1.0	0.031746031746031744
1.0	0.031746031746031744
1.0	0.03968253968253968
1.0	0.03968253968253968
1.0	0.047619047619047616
1.0	0.047619047619047616
1.0	0.05555555555555555
1.0	0.05555555555555555
1.0	0.06349206349206349
1.0	0.06349206349206349
1.0	0.07142857142857142
1.0	0.07142857142857142
1.0	0.07936507936507936
1.0000000002918636	0.07936507936507936
1.0000000002918636	0.0873015873015873
1.0000000026460347	0.0873015873015873
1.0000000026460347	0.09523809523809523
1.0000000056204068	0.09523809523809523
1.0000000056204068	0.10317460317460317
1.0000000115555556	0.10317460317460317
1.0000000115555556	0.1111111111111111
1.0000000152868211	0.1111111111111111
1.0000000152868211	0.11904761904761904
1.0000000335788604	0.11904761904761904
1.0000000335788604	0.12698412698412698
1.000000126900016	0.12698412698412698
1.000000126900016	0.1349206349206349
1.0000002312969543	0.1349206349206349
1.0000002312969543	0.14285714285714285
1.000000277912294	0.14285714285714285
1.000000277912294	0.15079365079365079
1.0000010115912228	0.15079365079365079
1.0000010115912228	0.15873015873015872
1.0000012652016008	0.15873015873015872
1.0000012652016008	0.16666666666666666
1.0000013636018594	0.16666666666666666
1.0000013636018594	0.1746031746031746
1.0000021659046912	0.1746031746031746
1.0000021659046912	0.18253968253968253
1.000003024748103	0.18253968253968253
1.000003024748103	0.19047619047619047
1.0000122570391548	0.19047619047619047
1.0000122570391548	0.1984126984126984
1.0000228687554014	0.1984126984126984
1.0000228687554014	0.20634920634920634
1.0000228687554014	0.20634920634920634
1.0000228687554014	0.21428571428571427
1.0000446055313121	0.21428571428571427
1.0000446055313121	0.2222222222222222
1.0000877242707484	0.2222222222222222
1.0000877242707484	0.23015873015873015
1.000102116618428	0.23015873015873015
1.000102116618428	0.23809523809523808
1.000132751056796	0.23809523809523808
1.000132751056796	0.24603174603174602
1.0001820211652421	0.24603174603174602
1.0001820211652421	0.25396825396825395
1.000318271046233	0.25396825396825395
1.000318271046233	0.2619047619047619
1.0005603053333334	0.2619047619047619
1.0005603053333334	0.2698412698412698
1.0007093799632112	0.2698412698412698
1.0007093799632112	0.2777777777777778
1.0029473635859405	0.2777777777777778
1.0029473635859405	0.2857142857142857
1.0029473650703027	0.2857142857142857
1.0029473650703027	0.29365079365079366
1.0096163014067532	0.29365079365079366
1.0096163014067532	0.30158730158730157
1.0179100067935392	0.30158730158730157
1.0179100067935392	0.30952380952380953
1.0194707674538708	0.30952380952380953
1.0194707674538708	0.31746031746031744
1.0278524468808374	0.31746031746031744
1.0278524468808374	0.3253968253968254
1.0356620577712046	0.3253968253968254
1.0356620577712046	0.3333333333333333
1.1299197337067468	0.3333333333333333
1.1299197337067468	0.3412698412698413
1.130159201696678	0.3412698412698413
1.130159201696678	0.3492063492063492
1.1356283296259546	0.3492063492063492
1.1356283296259546	0.35714285714285715
1.403592166563599	0.35714285714285715
1.403592166563599	0.36507936507936506
1.4250574933992761	0.36507936507936506
1.4250574933992761	0.373015873015873
1.4426554886638443	0.373015873015873
1.4426554886638443	0.38095238095238093
1.4869409338851978	0.38095238095238093
1.4869409338851978	0.3888888888888889
1.5765381414612938	0.3888888888888889
1.5765381414612938	0.3968253968253968
1.6422916750694483	0.3968253968253968
1.6422916750694483	0.40476190476190477
1.6637872917807792	0.40476190476190477
1.6637872917807792	0.4126984126984127
1.6808995251297785	0.4126984126984127
1.6808995251297785	0.42063492063492064
1.790029602115899	0.42063492063492064
1.790029602115899	0.42857142857142855
1.9645496592199962	0.42857142857142855
1.9645496592199962	0.4365079365079365
2.0890989872842467	0.4365079365079365
2.0890989872842467	0.4444444444444444
2.1912567855155443	0.4444444444444444
2.1912567855155443	0.4523809523809524
2.3736291245211305	0.4523809523809524
2.3736291245211305	0.4603174603174603
2.6385252073216057	0.4603174603174603
2.6385252073216057	0.46825396825396826
4.085057954932152	0.46825396825396826
4.085057954932152	0.47619047619047616
5.962998925483107	0.47619047619047616
5.962998925483107	0.48412698412698413
6.577885393521698	0.48412698412698413
6.577885393521698	0.49206349206349204
13.28974232349719	0.49206349206349204
13.28974232349719	0.5
13.661523681897533	0.5
13.661523681897533	0.5079365079365079
14.235987059632885	0.5079365079365079
14.235987059632885	0.5158730158730159
14.401716420774848	0.5158730158730159
14.401716420774848	0.5238095238095238
14.404483768652133	0.5238095238095238
14.404483768652133	0.5317460317460317
14.495069893823024	0.5317460317460317
14.495069893823024	0.5396825396825397
15.59555358341139	0.5396825396825397
15.59555358341139	0.5476190476190477
16.586300948263755	0.5476190476190477
16.586300948263755	0.5555555555555556
20.31431692707326	0.5555555555555556
20.31431692707326	0.5634920634920635
20.409509436934695	0.5634920634920635
20.409509436934695	0.5714285714285714
22.56978387982586	0.5714285714285714
22.56978387982586	0.5793650793650794
23.54727538275917	0.5793650793650794
23.54727538275917	0.5873015873015873
25.03936582029242	0.5873015873015873
25.03936582029242	0.5952380952380952
26.05977249482217	0.5952380952380952
26.05977249482217	0.6031746031746031
36.32758941224983	0.6031746031746031
36.32758941224983	0.6111111111111112
314.5419202215846	0.6111111111111112
314.5419202215846	0.6190476190476191
4810.368317213321	0.6190476190476191
4810.368317213321	0.626984126984127
7059.7933956989245	0.626984126984127
7059.7933956989245	0.6349206349206349
81301.27284117189	0.6349206349206349
81301.27284117189	0.6428571428571429
125434.07213270142	0.6428571428571429
125434.07213270142	0.6507936507936508
267247.80539757054	0.6507936507936508
267247.80539757054	0.6587301587301587
2.7067606218967747E7	0.6587301587301587
2.7067606218967747E7	0.6666666666666666
1.5E9	0.6666666666666666
1.5E9	0.6746031746031746
1.5E9	0.6746031746031746
1.5E9	0.6825396825396826
1.5E9	0.6825396825396826
1.5E9	0.6904761904761905
1.5E9	0.6904761904761905
1.5E9	0.6984126984126984
1.5E9	0.6984126984126984
1.5E9	0.7063492063492064
1.5E9	0.7063492063492064
1.5E9	0.7142857142857143
1.5E9	0.7142857142857143
1.5E9	0.7222222222222222
1.5E9	0.7222222222222222
1.5E9	0.7301587301587301
1.5E9	0.7301587301587301
1.5E9	0.7380952380952381
1.5E9	0.7380952380952381
1.5E9	0.746031746031746
1.5E9	0.746031746031746
1.5E9	0.753968253968254
1.5E9	0.753968253968254
1.5E9	0.7619047619047619
1.5E9	0.7619047619047619
1.5E9	0.7698412698412699
1.5E9	0.7698412698412699
1.5E9	0.7777777777777778
1.5E9	0.7777777777777778
1.5E9	0.7857142857142857
1.5E9	0.7857142857142857
1.5E9	0.7936507936507936
1.5E9	0.7936507936507936
1.5E9	0.8015873015873016
1.5E9	0.8015873015873016
1.5E9	0.8095238095238095
1.5E9	0.8095238095238095
1.5E9	0.8174603174603174
1.5E9	0.8174603174603174
1.5E9	0.8253968253968254
1.5E9	0.8253968253968254
1.5E9	0.8333333333333334
1.5E9	0.8333333333333334
1.5E9	0.8412698412698413
1.5E9	0.8412698412698413
1.5E9	0.8492063492063492
1.5E9	0.8492063492063492
1.5E9	0.8571428571428571
1.5E9	0.8571428571428571
1.5E9	0.8650793650793651
1.5E9	0.8650793650793651
1.5E9	0.873015873015873
1.8115205194234576E9	0.873015873015873
1.8115205194234576E9	0.8809523809523809
3.6394846689184235E10	0.8809523809523809
3.6394846689184235E10	0.8888888888888888
6.5111006913333336E10	0.8888888888888888
6.5111006913333336E10	0.8968253968253969
4.0223691923474664E11	0.8968253968253969
4.0223691923474664E11	0.9047619047619048
2.269857343283582E12	0.9047619047619048
2.269857343283582E12	0.9126984126984127
2.902398254098361E13	0.9126984126984127
2.902398254098361E13	0.9206349206349206
4.9590514807964336E13	0.9206349206349206
4.9590514807964336E13	0.9285714285714286
1.1827704861441375E14	0.9285714285714286
1.1827704861441375E14	0.9365079365079365
3.839441964964154E14	0.9365079365079365
3.839441964964154E14	0.9444444444444444
6.6097389763313608E16	0.9444444444444444
6.6097389763313608E16	0.9523809523809523
6.9046229427184474E17	0.9523809523809523
6.9046229427184474E17	0.9603174603174603
5.388566959016393E22	0.9603174603174603
5.388566959016393E22	0.9682539682539683
1.1101497362035227E23	0.9682539682539683
1.1101497362035227E23	0.9761904761904762
1.1351966125954197E23	0.9761904761904762
1.1351966125954197E23	0.9841269841269841
4.2179882191235065E23	0.9841269841269841
4.2179882191235065E23	0.9920634920634921
4.336584392181588E30	0.9920634920634921
4.336584392181588E30	1.0
1.5E9	1.0
