0	0
-1.588857397693392	0.0
-1.588857397693392	0.007936507936507936
-7.533994812014757E-10	0.007936507936507936
-7.533994812014757E-10	0.015873015873015872
1.0	0.015873015873015872
1.0	0.023809523809523808
1.0	0.023809523809523808
1.0	0.031746031746031744
1.0	0.031746031746031744
1.0	0.03968253968253968
1.0	0.03968253968253968
1.0	0.047619047619047616
1.0	0.047619047619047616
1.0	0.05555555555555555
1.0	0.05555555555555555
1.0	0.06349206349206349
1.0	0.06349206349206349
1.0	0.07142857142857142
1.0	0.07142857142857142
1.0	0.07936507936507936
1.0	0.07936507936507936
1.0	0.0873015873015873
1.0	0.0873015873015873
1.0	0.09523809523809523
1.0	0.09523809523809523
1.0	0.10317460317460317
1.0000000000000013	0.10317460317460317
1.0000000000000013	0.1111111111111111
1.0000000004262917	0.1111111111111111
1.0000000004262917	0.11904761904761904
1.0000000026133913	0.11904761904761904
1.0000000026133913	0.12698412698412698
1.0000000031156078	0.12698412698412698
1.0000000031156078	0.1349206349206349
1.0000000044444444	0.1349206349206349
1.0000000044444444	0.14285714285714285
1.000000025081824	0.14285714285714285
1.000000025081824	0.15079365079365079
1.0000000408642726	0.15079365079365079
1.0000000408642726	0.15873015873015872
1.0000000439000019	0.15873015873015872
1.0000000439000019	0.16666666666666666
1.0000000595425795	0.16666666666666666
1.0000000595425795	0.1746031746031746
1.0000000595425795	0.1746031746031746
1.0000000595425795	0.18253968253968253
1.0000002556666667	0.18253968253968253
1.0000002556666667	0.19047619047619047
1.0000002871111944	0.19047619047619047
1.0000002871111944	0.1984126984126984
1.0000003024000914	0.1984126984126984
1.0000003024000914	0.20634920634920634
1.00000072100052	0.20634920634920634
1.00000072100052	0.21428571428571427
1.0000015026022577	0.21428571428571427
1.0000015026022577	0.2222222222222222
1.0000016200849722	0.2222222222222222
1.0000016200849722	0.23015873015873015
1.0000054690531652	0.23015873015873015
1.0000054690531652	0.23809523809523808
1.0000094961945543	0.23809523809523808
1.0000094961945543	0.24603174603174602
1.0000445384048542	0.24603174603174602
1.0000445384048542	0.25396825396825395
1.000219809261163	0.25396825396825395
1.000219809261163	0.2619047619047619
1.0002198403601101	0.2619047619047619
1.0002198403601101	0.2698412698412698
1.0009783295720058	0.2698412698412698
1.0009783295720058	0.2777777777777778
1.0021637901849647	0.2777777777777778
1.0021637901849647	0.2857142857142857
1.0047772161902477	0.2857142857142857
1.0047772161902477	0.29365079365079366
1.0050875893731623	0.29365079365079366
1.0050875893731623	0.30158730158730157
1.0102750418650284	0.30158730158730157
1.0102750418650284	0.30952380952380953
1.0150412412769132	0.30952380952380953
1.0150412412769132	0.31746031746031744
1.017772113868559	0.31746031746031744
1.017772113868559	0.3253968253968254
1.0553536577470153	0.3253968253968254
1.0553536577470153	0.3333333333333333
1.057453156374959	0.3333333333333333
1.057453156374959	0.3412698412698413
1.0910574140600777	0.3412698412698413
1.0910574140600777	0.3492063492063492
1.1149806300864515	0.3492063492063492
1.1149806300864515	0.35714285714285715
1.1161045773219516	0.35714285714285715
1.1161045773219516	0.36507936507936506
1.1290500157598722	0.36507936507936506
1.1290500157598722	0.373015873015873
1.170100661666854	0.373015873015873
1.170100661666854	0.38095238095238093
1.212886590915975	0.38095238095238093
1.212886590915975	0.3888888888888889
1.216683295973674	0.3888888888888889
1.216683295973674	0.3968253968253968
1.2246838050039284	0.3968253968253968
1.2246838050039284	0.40476190476190477
1.2424568793121853	0.40476190476190477
1.2424568793121853	0.4126984126984127
1.35758625877422	0.4126984126984127
1.35758625877422	0.42063492063492064
1.3611731634799942	0.42063492063492064
1.3611731634799942	0.42857142857142855
1.4284676211716465	0.42857142857142855
1.4284676211716465	0.4365079365079365
1.5523547823941422	0.4365079365079365
1.5523547823941422	0.4444444444444444
1.627110732625221	0.4444444444444444
1.627110732625221	0.4523809523809524
1.8383290006751711	0.4523809523809524
1.8383290006751711	0.4603174603174603
2.3049563495673793	0.4603174603174603
2.3049563495673793	0.46825396825396826
2.609160992945381	0.46825396825396826
2.609160992945381	0.47619047619047616
3.2757271495578966	0.47619047619047616
3.2757271495578966	0.48412698412698413
3.4548209048007577	0.48412698412698413
3.4548209048007577	0.49206349206349204
3.5878988670019383	0.49206349206349204
3.5878988670019383	0.5
4.549161257994994	0.5
4.549161257994994	0.5079365079365079
4.72998143554577	0.5079365079365079
4.72998143554577	0.5158730158730159
6.980590079901649	0.5158730158730159
6.980590079901649	0.5238095238095238
7.689850457744306	0.5238095238095238
7.689850457744306	0.5317460317460317
8.367185308566924	0.5317460317460317
8.367185308566924	0.5396825396825397
8.870359664621276	0.5396825396825397
8.870359664621276	0.5476190476190477
9.029281983324546	0.5476190476190477
9.029281983324546	0.5555555555555556
9.478859245827625	0.5555555555555556
9.478859245827625	0.5634920634920635
9.80642430524549	0.5634920634920635
9.80642430524549	0.5714285714285714
9.997323134697568	0.5714285714285714
9.997323134697568	0.5793650793650794
10.380837275185298	0.5793650793650794
10.380837275185298	0.5873015873015873
11.078601614829703	0.5873015873015873
11.078601614829703	0.5952380952380952
11.704674417876841	0.5952380952380952
11.704674417876841	0.6031746031746031
13.75020236565419	0.6031746031746031
13.75020236565419	0.6111111111111112
103.68904277959804	0.6111111111111112
103.68904277959804	0.6190476190476191
122.33644206451613	0.6190476190476191
122.33644206451613	0.626984126984127
371.0326566555424	0.626984126984127
371.0326566555424	0.6349206349206349
3264.041899709666	0.6349206349206349
3264.041899709666	0.6428571428571429
10992.098178956536	0.6428571428571429
10992.098178956536	0.6507936507936508
18083.78288625592	0.6507936507936508
18083.78288625592	0.6587301587301587
159267.95296790884	0.6587301587301587
159267.95296790884	0.6666666666666666
2.3156138605087336E7	0.6666666666666666
2.3156138605087336E7	0.6746031746031746
1.8705834332526466E8	0.6746031746031746
1.8705834332526466E8	0.6825396825396826
1.5E9	0.6825396825396826
1.5E9	0.6904761904761905
1.5E9	0.6904761904761905
1.5E9	0.6984126984126984
1.5E9	0.6984126984126984
1.5E9	0.7063492063492064
1.5E9	0.7063492063492064
1.5E9	0.7142857142857143
1.5E9	0.7142857142857143
1.5E9	0.7222222222222222
1.5E9	0.7222222222222222
1.5E9	0.7301587301587301
1.5E9	0.7301587301587301
1.5E9	0.7380952380952381
1.5E9	0.7380952380952381
1.5E9	0.746031746031746
1.5E9	0.746031746031746
1.5E9	0.753968253968254
1.5E9	0.753968253968254
1.5E9	0.7619047619047619
1.5E9	0.7619047619047619
1.5E9	0.7698412698412699
1.5E9	0.7698412698412699
1.5E9	0.7777777777777778
1.5E9	0.7777777777777778
1.5E9	0.7857142857142857
1.5E9	0.7857142857142857
1.5E9	0.7936507936507936
1.5E9	0.7936507936507936
1.5E9	0.8015873015873016
1.5E9	0.8015873015873016
1.5E9	0.8095238095238095
1.5E9	0.8095238095238095
1.5E9	0.8174603174603174
1.5E9	0.8174603174603174
1.5E9	0.8253968253968254
1.5E9	0.8253968253968254
1.5E9	0.8333333333333334
1.5E9	0.8333333333333334
1.5E9	0.8412698412698413
1.5E9	0.8412698412698413
1.5E9	0.8492063492063492
1.5E9	0.8492063492063492
1.5E9	0.8571428571428571
1.5E9	0.8571428571428571
1.5E9	0.8650793650793651
1.5E9	0.8650793650793651
1.5E9	0.873015873015873
1.5E9	0.873015873015873
1.5E9	0.8809523809523809
1.5E9	0.8809523809523809
1.5E9	0.8888888888888888
3.4853087776628747E9	0.8888888888888888
3.4853087776628747E9	0.8968253968253969
5.884539636E9	0.8968253968253969
5.884539636E9	0.9047619047619048
2.9190621243781094E10	0.9047619047619048
2.9190621243781094E10	0.9126984126984127
5.107249138970408E10	0.9126984126984127
5.107249138970408E10	0.9206349206349206
1.1300090963725853E11	0.9206349206349206
1.1300090963725853E11	0.9285714285714286
1.3905443677690265E11	0.9285714285714286
1.3905443677690265E11	0.9365079365079365
4.687792063114754E11	0.9365079365079365
4.687792063114754E11	0.9444444444444444
3.1545825337278105E15	0.9444444444444444
3.1545825337278105E15	0.9523809523809523
4.100760424271845E15	0.9523809523809523
4.100760424271845E15	0.9603174603174603
2.9086156229508196E20	0.9603174603174603
2.9086156229508196E20	0.9682539682539683
4.6642488923679064E20	0.9682539682539683
4.6642488923679064E20	0.9761904761904762
4.769482322519084E20	0.9761904761904762
4.769482322519084E20	0.9841269841269841
1.0312242035856575E21	0.9841269841269841
1.0312242035856575E21	0.9920634920634921
1.6873568146279948E27	0.9920634920634921
1.6873568146279948E27	1.0
1.5E9	1.0
