0	0
-1.223106963754977E-7	0.0
-1.223106963754977E-7	0.007936507936507936
1.0	0.007936507936507936
1.0	0.015873015873015872
1.0	0.015873015873015872
1.0	0.023809523809523808
1.0	0.023809523809523808
1.0	0.031746031746031744
1.0	0.031746031746031744
1.0	0.03968253968253968
1.0	0.03968253968253968
1.0	0.047619047619047616
1.0	0.047619047619047616
1.0	0.05555555555555555
1.0	0.05555555555555555
1.0	0.06349206349206349
1.0	0.06349206349206349
1.0	0.07142857142857142
1.0	0.07142857142857142
1.0	0.07936507936507936
1.0	0.07936507936507936
1.0	0.0873015873015873
1.0	0.0873015873015873
1.0	0.09523809523809523
1.0	0.09523809523809523
1.0	0.10317460317460317
1.0	0.10317460317460317
1.0	0.1111111111111111
1.0	0.1111111111111111
1.0	0.11904761904761904
1.0	0.11904761904761904
1.0	0.12698412698412698
1.0	0.12698412698412698
1.0	0.1349206349206349
1.0	0.1349206349206349
1.0	0.14285714285714285
1.0	0.14285714285714285
1.0	0.15079365079365079
1.0	0.15079365079365079
1.0	0.15873015873015872
1.0	0.15873015873015872
1.0	0.16666666666666666
1.0	0.16666666666666666
1.0	0.1746031746031746
1.0	0.1746031746031746
1.0	0.18253968253968253
1.0	0.18253968253968253
1.0	0.19047619047619047
1.0	0.19047619047619047
1.0	0.1984126984126984
1.000000000888889	0.1984126984126984
1.000000000888889	0.20634920634920634
1.0000000009	0.20634920634920634
1.0000000009	0.21428571428571427
1.0000000083	0.21428571428571427
1.0000000083	0.2222222222222222
1.000000024620086	0.2222222222222222
1.000000024620086	0.23015873015873015
1.0000000378043095	0.23015873015873015
1.0000000378043095	0.23809523809523808
1.0000000853333408	0.23809523809523808
1.0000000853333408	0.24603174603174602
1.000000109800012	0.24603174603174602
1.000000109800012	0.25396825396825395
1.0000001127000127	0.25396825396825395
1.0000001127000127	0.2619047619047619
1.0000014985997243	0.2619047619047619
1.0000014985997243	0.2698412698412698
1.000003375358759	0.2698412698412698
1.000003375358759	0.2777777777777778
1.0000192931488057	0.2777777777777778
1.0000192931488057	0.2857142857142857
1.000019308714795	0.2857142857142857
1.000019308714795	0.29365079365079366
1.0000499778693084	0.29365079365079366
1.0000499778693084	0.30158730158730157
1.001807772566696	0.30158730158730157
1.001807772566696	0.30952380952380953
1.0035557947321274	0.30952380952380953
1.0035557947321274	0.31746031746031744
1.0036596096833874	0.31746031746031744
1.0036596096833874	0.3253968253968254
1.004760315874318	0.3253968253968254
1.004760315874318	0.3333333333333333
1.0519573301969463	0.3333333333333333
1.0519573301969463	0.3412698412698413
1.0610146033448986	0.3412698412698413
1.0610146033448986	0.3492063492063492
1.0773490538004225	0.3492063492063492
1.0773490538004225	0.35714285714285715
1.0780937946013422	0.35714285714285715
1.0780937946013422	0.36507936507936506
1.0893822504270185	0.36507936507936506
1.0893822504270185	0.373015873015873
1.1014718365257523	0.373015873015873
1.1014718365257523	0.38095238095238093
1.1080738642366215	0.38095238095238093
1.1080738642366215	0.3888888888888889
1.1314839450649865	0.3888888888888889
1.1314839450649865	0.3968253968253968
1.1398981120705998	0.3968253968253968
1.1398981120705998	0.40476190476190477
1.1679611825271285	0.40476190476190477
1.1679611825271285	0.4126984126984127
1.176718147008971	0.4126984126984127
1.176718147008971	0.42063492063492064
1.2065990126718882	0.42063492063492064
1.2065990126718882	0.42857142857142855
1.2111172074100665	0.42857142857142855
1.2111172074100665	0.4365079365079365
1.2644809649499658	0.4365079365079365
1.2644809649499658	0.4444444444444444
1.316518927209687	0.4444444444444444
1.316518927209687	0.4523809523809524
1.3414809574258864	0.4523809523809524
1.3414809574258864	0.4603174603174603
1.4089817079161027	0.4603174603174603
1.4089817079161027	0.46825396825396826
1.5652683951752773	0.46825396825396826
1.5652683951752773	0.47619047619047616
1.6989875870578215	0.47619047619047616
1.6989875870578215	0.48412698412698413
1.7397939516310785	0.48412698412698413
1.7397939516310785	0.49206349206349204
1.842529478064516	0.49206349206349204
1.842529478064516	0.5
1.9643942582596579	0.5
1.9643942582596579	0.5079365079365079
1.9874309585098193	0.5079365079365079
1.9874309585098193	0.5158730158730159
2.62803037373799	0.5158730158730159
2.62803037373799	0.5238095238095238
2.723607362109502	0.5238095238095238
2.723607362109502	0.5317460317460317
2.827524130210862	0.5317460317460317
2.827524130210862	0.5396825396825397
3.1521476468759353	0.5396825396825397
3.1521476468759353	0.5476190476190477
3.470553819256957	0.5476190476190477
3.470553819256957	0.5555555555555556
3.52868155976325	0.5555555555555556
3.52868155976325	0.5634920634920635
3.6789432157478785	0.5634920634920635
3.6789432157478785	0.5714285714285714
4.1776782730384685	0.5714285714285714
4.1776782730384685	0.5793650793650794
4.4067571262409935	0.5793650793650794
4.4067571262409935	0.5873015873015873
4.478081959958284	0.5873015873015873
4.478081959958284	0.5952380952380952
4.548845008305606	0.5952380952380952
4.548845008305606	0.6031746031746031
5.0010642504670955	0.6031746031746031
5.0010642504670955	0.6111111111111112
5.266777985694055	0.6111111111111112
5.266777985694055	0.6190476190476191
5.4195863654003995	0.6190476190476191
5.4195863654003995	0.626984126984127
15.079054418664255	0.626984126984127
15.079054418664255	0.6349206349206349
55.27113067789306	0.6349206349206349
55.27113067789306	0.6428571428571429
282.15104902340073	0.6428571428571429
282.15104902340073	0.6507936507936508
5498.796402843602	0.6507936507936508
5498.796402843602	0.6587301587301587
8446.775379840665	0.6587301587301587
8446.775379840665	0.6666666666666666
31790.874472168805	0.6666666666666666
31790.874472168805	0.6746031746031746
403743.23063650384	0.6746031746031746
403743.23063650384	0.6825396825396826
645214.3878309922	0.6825396825396826
645214.3878309922	0.6904761904761905
3009251.091753012	0.6904761904761905
3009251.091753012	0.6984126984126984
3739767.200620476	0.6984126984126984
3739767.200620476	0.7063492063492064
4739659.503076976	0.7063492063492064
4739659.503076976	0.7142857142857143
4.287881082089552E7	0.7142857142857143
4.287881082089552E7	0.7222222222222222
5.7168190913333334E7	0.7222222222222222
5.7168190913333334E7	0.7301587301587301
1.5E9	0.7301587301587301
1.5E9	0.7380952380952381
1.5E9	0.7380952380952381
1.5E9	0.746031746031746
1.5E9	0.746031746031746
1.5E9	0.753968253968254
1.5E9	0.753968253968254
1.5E9	0.7619047619047619
1.5E9	0.7619047619047619
1.5E9	0.7698412698412699
1.5E9	0.7698412698412699
1.5E9	0.7777777777777778
1.5E9	0.7777777777777778
1.5E9	0.7857142857142857
1.5E9	0.7857142857142857
1.5E9	0.7936507936507936
1.5E9	0.7936507936507936
1.5E9	0.8015873015873016
1.5E9	0.8015873015873016
1.5E9	0.8095238095238095
1.5E9	0.8095238095238095
1.5E9	0.8174603174603174
1.5E9	0.8174603174603174
1.5E9	0.8253968253968254
1.5E9	0.8253968253968254
1.5E9	0.8333333333333334
1.5E9	0.8333333333333334
1.5E9	0.8412698412698413
1.5E9	0.8412698412698413
1.5E9	0.8492063492063492
1.5E9	0.8492063492063492
1.5E9	0.8571428571428571
1.5E9	0.8571428571428571
1.5E9	0.8650793650793651
1.5E9	0.8650793650793651
1.5E9	0.873015873015873
1.5E9	0.873015873015873
1.5E9	0.8809523809523809
1.5E9	0.8809523809523809
1.5E9	0.8888888888888888
1.5E9	0.8888888888888888
1.5E9	0.8968253968253969
1.5E9	0.8968253968253969
1.5E9	0.9047619047619048
1.5E9	0.9047619047619048
1.5E9	0.9126984126984127
1.5E9	0.9126984126984127
1.5E9	0.9206349206349206
1.5E9	0.9206349206349206
1.5E9	0.9285714285714286
1.5E9	0.9285714285714286
1.5E9	0.9365079365079365
5.251685756557377E9	0.9365079365079365
5.251685756557377E9	0.9444444444444444
8.035308742718447E12	0.9444444444444444
8.035308742718447E12	0.9523809523809523
1.0066050132544379E13	0.9523809523809523
1.0066050132544379E13	0.9603174603174603
4.6207317762295088E16	0.9603174603174603
4.6207317762295088E16	0.9682539682539683
9.9505964109589056E16	0.9682539682539683
9.9505964109589056E16	0.9761904761904762
1.01750988740458016E17	0.9761904761904762
1.01750988740458016E17	0.9841269841269841
2.9922977872509965E17	0.9841269841269841
2.9922977872509965E17	0.9920634920634921
5.615701156368221E22	0.9920634920634921
5.615701156368221E22	1.0
1.5E9	1.0
