0	0
-3.281559031848811E-5	0.0
-3.281559031848811E-5	0.007936507936507936
1.0	0.007936507936507936
1.0	0.015873015873015872
1.0	0.015873015873015872
1.0	0.023809523809523808
1.0	0.023809523809523808
1.0	0.031746031746031744
1.0	0.031746031746031744
1.0	0.03968253968253968
1.0	0.03968253968253968
1.0	0.047619047619047616
1.0	0.047619047619047616
1.0	0.05555555555555555
1.0	0.05555555555555555
1.0	0.06349206349206349
1.0	0.06349206349206349
1.0	0.07142857142857142
1.0	0.07142857142857142
1.0	0.07936507936507936
1.0	0.07936507936507936
1.0	0.0873015873015873
1.0	0.0873015873015873
1.0	0.09523809523809523
1.0	0.09523809523809523
1.0	0.10317460317460317
1.0	0.10317460317460317
1.0	0.1111111111111111
1.0	0.1111111111111111
1.0	0.11904761904761904
1.0	0.11904761904761904
1.0	0.12698412698412698
1.0	0.12698412698412698
1.0	0.1349206349206349
1.0	0.1349206349206349
1.0	0.14285714285714285
1.0	0.14285714285714285
1.0	0.15079365079365079
1.0	0.15079365079365079
1.0	0.15873015873015872
1.0	0.15873015873015872
1.0	0.16666666666666666
1.0	0.16666666666666666
1.0	0.1746031746031746
1.0	0.1746031746031746
1.0	0.18253968253968253
1.0	0.18253968253968253
1.0	0.19047619047619047
1.0	0.19047619047619047
1.0	0.1984126984126984
1.0	0.1984126984126984
1.0	0.20634920634920634
1.0	0.20634920634920634
1.0	0.21428571428571427
1.0	0.21428571428571427
1.0	0.2222222222222222
1.0	0.2222222222222222
1.0	0.23015873015873015
1.0	0.23015873015873015
1.0	0.23809523809523808
1.0	0.23809523809523808
1.0	0.24603174603174602
1.0	0.24603174603174602
1.0	0.25396825396825395
1.0	0.25396825396825395
1.0	0.2619047619047619
1.0	0.2619047619047619
1.0	0.2698412698412698
1.0	0.2698412698412698
1.0	0.2777777777777778
1.0	0.2777777777777778
1.0	0.2857142857142857
1.0	0.2857142857142857
1.0	0.29365079365079366
1.0	0.29365079365079366
1.0	0.30158730158730157
1.0	0.30158730158730157
1.0	0.30952380952380953
1.0	0.30952380952380953
1.0	0.31746031746031744
1.0	0.31746031746031744
1.0	0.3253968253968254
1.0	0.3253968253968254
1.0	0.3333333333333333
1.0	0.3333333333333333
1.0	0.3412698412698413
1.0	0.3412698412698413
1.0	0.3492063492063492
1.000000000969341	0.3492063492063492
1.000000000969341	0.35714285714285715
1.0000000031	0.35714285714285715
1.0000000031	0.36507936507936506
1.0000000037	0.36507936507936506
1.0000000037	0.373015873015873
1.0000000171000003	0.373015873015873
1.0000000171000003	0.38095238095238093
1.0000001088831343	0.38095238095238093
1.0000001088831343	0.3888888888888889
1.0000001437591584	0.3888888888888889
1.0000001437591584	0.3968253968253968
1.0000001442619346	0.3968253968253968
1.0000001442619346	0.40476190476190477
1.0001319941606974	0.40476190476190477
1.0001319941606974	0.4126984126984127
1.0017283190586372	0.4126984126984127
1.0017283190586372	0.42063492063492064
1.0017842005547435	0.42063492063492064
1.0017842005547435	0.42857142857142855
1.0025014721128627	0.42857142857142855
1.0025014721128627	0.4365079365079365
1.0038827284845084	0.4365079365079365
1.0038827284845084	0.4444444444444444
1.0080643842496415	0.4444444444444444
1.0080643842496415	0.4523809523809524
1.0149293605574246	0.4523809523809524
1.0149293605574246	0.4603174603174603
1.0175959202264406	0.4603174603174603
1.0175959202264406	0.46825396825396826
1.0285157774193547	0.46825396825396826
1.0285157774193547	0.47619047619047616
1.0310991207782538	0.47619047619047616
1.0310991207782538	0.48412698412698413
1.0421405659911454	0.48412698412698413
1.0421405659911454	0.49206349206349204
1.0559624678219832	0.49206349206349204
1.0559624678219832	0.5
1.0621849136521508	0.5
1.0621849136521508	0.5079365079365079
1.0725366622573935	0.5079365079365079
1.0725366622573935	0.5158730158730159
1.0729805991172874	0.5158730158730159
1.0729805991172874	0.5238095238095238
1.0784876032854562	0.5238095238095238
1.0784876032854562	0.5317460317460317
1.0816207958835546	0.5317460317460317
1.0816207958835546	0.5396825396825397
1.103283595693968	0.5396825396825397
1.103283595693968	0.5476190476190477
1.108406556240064	0.5476190476190477
1.108406556240064	0.5555555555555556
1.1274655346672062	0.5555555555555556
1.1274655346672062	0.5634920634920635
1.1291772154683903	0.5634920634920635
1.1291772154683903	0.5714285714285714
1.1352350298236698	0.5714285714285714
1.1352350298236698	0.5793650793650794
1.14762833726423	0.5793650793650794
1.14762833726423	0.5873015873015873
1.1498696078746884	0.5873015873015873
1.1498696078746884	0.5952380952380952
1.152922735646295	0.5952380952380952
1.152922735646295	0.6031746031746031
1.1828699663838573	0.6031746031746031
1.1828699663838573	0.6111111111111112
1.382476771727929	0.6111111111111112
1.382476771727929	0.6190476190476191
1.4008521612050873	0.6190476190476191
1.4008521612050873	0.626984126984127
1.4112839778248782	0.626984126984127
1.4112839778248782	0.6349206349206349
1.7984713823508538	0.6349206349206349
1.7984713823508538	0.6428571428571429
2.3956056478486483	0.6428571428571429
2.3956056478486483	0.6507936507936508
2.414266667682808	0.6507936507936508
2.414266667682808	0.6587301587301587
2.5830918122585653	0.6587301587301587
2.5830918122585653	0.6666666666666666
3.9066239699733214	0.6666666666666666
3.9066239699733214	0.6746031746031746
4.866296145951575	0.6746031746031746
4.866296145951575	0.6825396825396826
5.137842552998377	0.6825396825396826
5.137842552998377	0.6904761904761905
122.3198428436019	0.6904761904761905
122.3198428436019	0.6984126984126984
1145.747025409836	0.6984126984126984
1145.747025409836	0.7063492063492064
7251.194962771458	0.7063492063492064
7251.194962771458	0.7142857142857143
21043.500199004975	0.7142857142857143
21043.500199004975	0.7222222222222222
396081.6743333333	0.7222222222222222
396081.6743333333	0.7301587301587301
636842.3546178214	0.7301587301587301
636842.3546178214	0.7380952380952381
2.696701050485437E8	0.7380952380952381
2.696701050485437E8	0.746031746031746
1.5E9	0.746031746031746
1.5E9	0.753968253968254
1.5E9	0.753968253968254
1.5E9	0.7619047619047619
1.5E9	0.7619047619047619
1.5E9	0.7698412698412699
1.5E9	0.7698412698412699
1.5E9	0.7777777777777778
1.5E9	0.7777777777777778
1.5E9	0.7857142857142857
1.5E9	0.7857142857142857
1.5E9	0.7936507936507936
1.5E9	0.7936507936507936
1.5E9	0.8015873015873016
1.5E9	0.8015873015873016
1.5E9	0.8095238095238095
1.5E9	0.8095238095238095
1.5E9	0.8174603174603174
1.5E9	0.8174603174603174
1.5E9	0.8253968253968254
1.5E9	0.8253968253968254
1.5E9	0.8333333333333334
1.5E9	0.8333333333333334
1.5E9	0.8412698412698413
1.5E9	0.8412698412698413
1.5E9	0.8492063492063492
1.5E9	0.8492063492063492
1.5E9	0.8571428571428571
1.5E9	0.8571428571428571
1.5E9	0.8650793650793651
1.5E9	0.8650793650793651
1.5E9	0.873015873015873
1.5E9	0.873015873015873
1.5E9	0.8809523809523809
1.5E9	0.8809523809523809
1.5E9	0.8888888888888888
1.5E9	0.8888888888888888
1.5E9	0.8968253968253969
1.5E9	0.8968253968253969
1.5E9	0.9047619047619048
1.5E9	0.9047619047619048
1.5E9	0.9126984126984127
1.5E9	0.9126984126984127
1.5E9	0.9206349206349206
1.5E9	0.9206349206349206
1.5E9	0.9285714285714286
1.5E9	0.9285714285714286
1.5E9	0.9365079365079365
1.5E9	0.9365079365079365
1.5E9	0.9444444444444444
1.5E9	0.9444444444444444
1.5E9	0.9523809523809523
4.550743203550297E9	0.9523809523809523
4.550743203550297E9	0.9603174603174603
2.5659330950819673E12	0.9603174603174603
2.5659330950819673E12	0.9682539682539683
4.393527236790607E12	0.9682539682539683
4.393527236790607E12	0.9761904761904762
4.492651032442748E12	0.9761904761904762
4.492651032442748E12	0.9841269841269841
6.011983609561754E12	0.9841269841269841
6.011983609561754E12	0.9920634920634921
2.4946470075662044E16	0.9920634920634921
2.4946470075662044E16	1.0
1.5E9	1.0
