0	0
-0.24583466813196325	0.0
-0.24583466813196325	0.007936507936507936
1.0	0.007936507936507936
1.0	0.015873015873015872
1.0	0.015873015873015872
1.0	0.023809523809523808
1.0	0.023809523809523808
1.0	0.031746031746031744
1.0	0.031746031746031744
1.0	0.03968253968253968
1.0	0.03968253968253968
1.0	0.047619047619047616
1.0	0.047619047619047616
1.0	0.05555555555555555
1.0	0.05555555555555555
1.0	0.06349206349206349
1.0	0.06349206349206349
1.0	0.07142857142857142
1.0	0.07142857142857142
1.0	0.07936507936507936
1.0	0.07936507936507936
1.0	0.0873015873015873
1.0	0.0873015873015873
1.0	0.09523809523809523
1.000000000072864	0.09523809523809523
1.000000000072864	0.10317460317460317
1.0000000005246696	0.10317460317460317
1.0000000005246696	0.1111111111111111
1.0000000019411837	0.1111111111111111
1.0000000019411837	0.11904761904761904
1.000000072918322	0.11904761904761904
1.000000072918322	0.12698412698412698
1.0000000995000116	0.12698412698412698
1.0000000995000116	0.1349206349206349
1.0000002208191485	0.1349206349206349
1.0000002208191485	0.14285714285714285
1.000000253200064	0.14285714285714285
1.000000253200064	0.15079365079365079
1.0000002804047816	0.15079365079365079
1.0000002804047816	0.15873015873015872
1.0000003674429352	0.15873015873015872
1.0000003674429352	0.16666666666666666
1.0000025428064685	0.16666666666666666
1.0000025428064685	0.1746031746031746
1.000002997708996	0.1746031746031746
1.000002997708996	0.18253968253968253
1.0000031448987794	0.18253968253968253
1.0000031448987794	0.19047619047619047
1.000005646998031	0.19047619047619047
1.000005646998031	0.1984126984126984
1.000005646998031	0.1984126984126984
1.000005646998031	0.20634920634920634
1.0000245974907795	0.20634920634920634
1.0000245974907795	0.21428571428571427
1.0000634991318837	0.21428571428571427
1.0000634991318837	0.2222222222222222
1.0000652310741602	0.2222222222222222
1.0000652310741602	0.23015873015873015
1.0001140057258637	0.23015873015873015
1.0001140057258637	0.23809523809523808
1.0001527045735699	0.23809523809523808
1.0001527045735699	0.24603174603174602
1.0001685231663253	0.24603174603174602
1.0001685231663253	0.25396825396825395
1.0001876806666041	0.25396825396825395
1.0001876806666041	0.2619047619047619
1.0011730897363134	0.2619047619047619
1.0011730897363134	0.2698412698412698
1.005422848111	0.2698412698412698
1.005422848111	0.2777777777777778
1.0059148240190443	0.2777777777777778
1.0059148240190443	0.2857142857142857
1.005921419322736	0.2857142857142857
1.005921419322736	0.29365079365079366
1.0083857864316286	0.29365079365079366
1.0083857864316286	0.30158730158730157
1.0112861489735019	0.30158730158730157
1.0112861489735019	0.30952380952380953
1.0146220210394599	0.30952380952380953
1.0146220210394599	0.31746031746031744
1.0183763433936102	0.31746031746031744
1.0183763433936102	0.3253968253968254
1.0677030687482978	0.3253968253968254
1.0677030687482978	0.3333333333333333
1.11203980921981	0.3333333333333333
1.11203980921981	0.3412698412698413
1.1159070912416087	0.3412698412698413
1.1159070912416087	0.3492063492063492
1.138397954297347	0.3492063492063492
1.138397954297347	0.35714285714285715
1.145644206152912	0.35714285714285715
1.145644206152912	0.36507936507936506
1.1690081382422473	0.36507936507936506
1.1690081382422473	0.373015873015873
1.2290083019003633	0.373015873015873
1.2290083019003633	0.38095238095238093
1.2546718421447263	0.38095238095238093
1.2546718421447263	0.3888888888888889
1.273578925894199	0.3888888888888889
1.273578925894199	0.3968253968253968
1.2896831255717451	0.3968253968253968
1.2896831255717451	0.40476190476190477
1.3207332752986225	0.40476190476190477
1.3207332752986225	0.4126984126984127
1.3264476064629886	0.4126984126984127
1.3264476064629886	0.42063492063492064
1.4691968492734675	0.42063492063492064
1.4691968492734675	0.42857142857142855
1.592666592505297	0.42857142857142855
1.592666592505297	0.4365079365079365
1.5975780519666507	0.4365079365079365
1.5975780519666507	0.4444444444444444
1.6632727461866095	0.4444444444444444
1.6632727461866095	0.4523809523809524
1.8013389195487541	0.4523809523809524
1.8013389195487541	0.4603174603174603
2.7625022867029614	0.4603174603174603
2.7625022867029614	0.46825396825396826
2.831015923913528	0.46825396825396826
2.831015923913528	0.47619047619047616
3.6484192825272355	0.47619047619047616
3.6484192825272355	0.48412698412698413
3.8040224838907197	0.48412698412698413
3.8040224838907197	0.49206349206349204
3.8478563088726316	0.49206349206349204
3.8478563088726316	0.5
4.4781418646539075	0.5
4.4781418646539075	0.5079365079365079
5.027318237649811	0.5079365079365079
5.027318237649811	0.5158730158730159
5.255150721298026	0.5158730158730159
5.255150721298026	0.5238095238095238
5.773223564281887	0.5238095238095238
5.773223564281887	0.5317460317460317
5.954251788544851	0.5317460317460317
5.954251788544851	0.5396825396825397
6.237222320869882	0.5396825396825397
6.237222320869882	0.5476190476190477
7.067669568743294	0.5476190476190477
7.067669568743294	0.5555555555555556
7.3419626041621715	0.5555555555555556
7.3419626041621715	0.5634920634920635
8.554515808644018	0.5634920634920635
8.554515808644018	0.5714285714285714
8.876546193462586	0.5714285714285714
8.876546193462586	0.5793650793650794
10.094296431964668	0.5793650793650794
10.094296431964668	0.5873015873015873
12.291122056820301	0.5873015873015873
12.291122056820301	0.5952380952380952
12.435327650538301	0.5952380952380952
12.435327650538301	0.6031746031746031
16.5136402736728	0.6031746031746031
16.5136402736728	0.6111111111111112
244.50048492211508	0.6111111111111112
244.50048492211508	0.6190476190476191
296.069522604286	0.6190476190476191
296.069522604286	0.626984126984127
3590.599766705974	0.626984126984127
3590.599766705974	0.6349206349206349
3738.341917658602	0.6349206349206349
3738.341917658602	0.6428571428571429
9585.183774001172	0.6428571428571429
9585.183774001172	0.6507936507936508
39000.13165848655	0.6507936507936508
39000.13165848655	0.6587301587301587
186655.3941625258	0.6587301587301587
186655.3941625258	0.6666666666666666
194488.82056702513	0.6666666666666666
194488.82056702513	0.6746031746031746
286535.08724525943	0.6746031746031746
286535.08724525943	0.6825396825396826
339089.2532035111	0.6825396825396826
339089.2532035111	0.6904761904761905
466183.1811254204	0.6904761904761905
466183.1811254204	0.6984126984126984
1299040.9454828927	0.6984126984126984
1299040.9454828927	0.7063492063492064
6385602.111491246	0.7063492063492064
6385602.111491246	0.7142857142857143
1.1786139985498914E7	0.7142857142857143
1.1786139985498914E7	0.7222222222222222
1.6615857146452602E7	0.7222222222222222
1.6615857146452602E7	0.7301587301587301
2.982412249541005E8	0.7301587301587301
2.982412249541005E8	0.7380952380952381
4.874835759442906E8	0.7380952380952381
4.874835759442906E8	0.746031746031746
1.5E9	0.746031746031746
1.5E9	0.753968253968254
1.5E9	0.753968253968254
1.5E9	0.7619047619047619
1.5E9	0.7619047619047619
1.5E9	0.7698412698412699
1.5E9	0.7698412698412699
1.5E9	0.7777777777777778
1.5E9	0.7777777777777778
1.5E9	0.7857142857142857
1.5E9	0.7857142857142857
1.5E9	0.7936507936507936
1.5E9	0.7936507936507936
1.5E9	0.8015873015873016
1.5E9	0.8015873015873016
1.5E9	0.8095238095238095
1.5E9	0.8095238095238095
1.5E9	0.8174603174603174
1.5E9	0.8174603174603174
1.5E9	0.8253968253968254
1.5E9	0.8253968253968254
1.5E9	0.8333333333333334
1.5E9	0.8333333333333334
1.5E9	0.8412698412698413
1.5E9	0.8412698412698413
1.5E9	0.8492063492063492
1.5E9	0.8492063492063492
1.5E9	0.8571428571428571
1.5E9	0.8571428571428571
1.5E9	0.8650793650793651
1.5E9	0.8650793650793651
1.5E9	0.873015873015873
1.5E9	0.873015873015873
1.5E9	0.8809523809523809
1.5E9	0.8809523809523809
1.5E9	0.8888888888888888
1.5E9	0.8888888888888888
1.5E9	0.8968253968253969
1.5E9	0.8968253968253969
1.5E9	0.9047619047619048
1.5E9	0.9047619047619048
1.5E9	0.9126984126984127
1.5E9	0.9126984126984127
1.5E9	0.9206349206349206
1.5E9	0.9206349206349206
1.5E9	0.9285714285714286
1.5E9	0.9285714285714286
1.5E9	0.9365079365079365
1.5E9	0.9365079365079365
1.5E9	0.9444444444444444
1.5E9	0.9444444444444444
1.5E9	0.9523809523809523
2.152056432170156E11	0.9523809523809523
2.152056432170156E11	0.9603174603174603
2.2402816374873145E11	0.9603174603174603
2.2402816374873145E11	0.9682539682539683
2.2402816802791287E11	0.9682539682539683
2.2402816802791287E11	0.9761904761904762
4.3801328680744507E11	0.9761904761904762
4.3801328680744507E11	0.9841269841269841
1.2062174984016061E14	0.9841269841269841
1.2062174984016061E14	0.9920634920634921
9.248860899579788E14	0.9920634920634921
9.248860899579788E14	1.0
1.5E9	1.0
