0	0
-0.13473166366026962	0.0
-0.13473166366026962	0.007936507936507936
1.0	0.007936507936507936
1.0	0.015873015873015872
1.0	0.015873015873015872
1.0	0.023809523809523808
1.0	0.023809523809523808
1.0	0.031746031746031744
1.0	0.031746031746031744
1.0	0.03968253968253968
1.0	0.03968253968253968
1.0	0.047619047619047616
1.0	0.047619047619047616
1.0	0.05555555555555555
1.0000000034622498	0.05555555555555555
1.0000000034622498	0.06349206349206349
1.0000000264173743	0.06349206349206349
1.0000000264173743	0.07142857142857142
1.0000000424982454	0.07142857142857142
1.0000000424982454	0.07936507936507936
1.0000000537061133	0.07936507936507936
1.0000000537061133	0.0873015873015873
1.00000006218182	0.0873015873015873
1.00000006218182	0.09523809523809523
1.0000001554160358	0.09523809523809523
1.0000001554160358	0.10317460317460317
1.0000005491781052	0.10317460317460317
1.0000005491781052	0.1111111111111111
1.0000014914022244	0.1111111111111111
1.0000014914022244	0.11904761904761904
1.0000021340045562	0.11904761904761904
1.0000021340045562	0.12698412698412698
1.0000021988048418	0.12698412698412698
1.0000021988048418	0.1349206349206349
1.0000023421055275	0.1349206349206349
1.0000023421055275	0.14285714285714285
1.0000035278006103	0.14285714285714285
1.0000035278006103	0.15079365079365079
1.0000071672936888	0.15079365079365079
1.0000071672936888	0.15873015873015872
1.000016168267296	0.15873015873015872
1.000016168267296	0.16666666666666666
1.0000262515000127	0.16666666666666666
1.0000262515000127	0.1746031746031746
1.000028943948839	0.1746031746031746
1.000028943948839	0.18253968253968253
1.000134813762677	0.18253968253968253
1.000134813762677	0.19047619047619047
1.000134813762677	0.19047619047619047
1.000134813762677	0.1984126984126984
1.0003645751434136	0.1984126984126984
1.0003645751434136	0.20634920634920634
1.0006189591417287	0.20634920634920634
1.0006189591417287	0.21428571428571427
1.0010601124394134	0.21428571428571427
1.0010601124394134	0.2222222222222222
1.0010899300210798	0.2222222222222222
1.0010899300210798	0.23015873015873015
1.0011666572561142	0.23015873015873015
1.0011666572561142	0.23809523809523808
1.0017572802167387	0.23809523809523808
1.0017572802167387	0.24603174603174602
1.0042623553319125	0.24603174603174602
1.0042623553319125	0.25396825396825395
1.0059007524605137	0.25396825396825395
1.0059007524605137	0.2619047619047619
1.0059010160608528	0.2619047619047619
1.0059010160608528	0.2698412698412698
1.010084470852009	0.2698412698412698
1.010084470852009	0.2777777777777778
1.0151532622540818	0.2777777777777778
1.0151532622540818	0.2857142857142857
1.019302342085664	0.2857142857142857
1.019302342085664	0.29365079365079366
1.0229483936947965	0.29365079365079366
1.0229483936947965	0.30158730158730157
1.0410846235902833	0.30158730158730157
1.0410846235902833	0.30952380952380953
1.0531415215839237	0.30952380952380953
1.0531415215839237	0.31746031746031744
1.0600605793750073	0.31746031746031744
1.0600605793750073	0.3253968253968254
1.1148045788	0.3253968253968254
1.1148045788	0.3333333333333333
1.1644108320073059	0.3333333333333333
1.1644108320073059	0.3412698412698413
1.209992630153004	0.3412698412698413
1.209992630153004	0.3492063492063492
1.2178117432517914	0.3492063492063492
1.2178117432517914	0.35714285714285715
1.369306677378577	0.35714285714285715
1.369306677378577	0.36507936507936506
1.3718301086767688	0.36507936507936506
1.3718301086767688	0.373015873015873
1.5739360677268888	0.373015873015873
1.5739360677268888	0.38095238095238093
1.6076007244092314	0.38095238095238093
1.6076007244092314	0.3888888888888889
1.6949667063797182	0.3888888888888889
1.6949667063797182	0.3968253968253968
1.7935999420227324	0.3968253968253968
1.7935999420227324	0.40476190476190477
1.850059036435756	0.40476190476190477
1.850059036435756	0.4126984126984127
1.9445152383592408	0.4126984126984127
1.9445152383592408	0.42063492063492064
2.021591775926024	0.42063492063492064
2.021591775926024	0.42857142857142855
2.1015346846739753	0.42857142857142855
2.1015346846739753	0.4365079365079365
2.1646379600185726	0.4365079365079365
2.1646379600185726	0.4444444444444444
2.719944715618769	0.4444444444444444
2.719944715618769	0.4523809523809524
3.5493795589674044	0.4523809523809524
3.5493795589674044	0.4603174603174603
3.553090432778816	0.4603174603174603
3.553090432778816	0.46825396825396826
3.8488553614184142	0.46825396825396826
3.8488553614184142	0.47619047619047616
4.752658660005391	0.47619047619047616
4.752658660005391	0.48412698412698413
5.432395272655741	0.48412698412698413
5.432395272655741	0.49206349206349204
5.573819657200554	0.49206349206349204
5.573819657200554	0.5
6.294993279821833	0.5
6.294993279821833	0.5079365079365079
7.949126172769832	0.5079365079365079
7.949126172769832	0.5158730158730159
9.16981701159281	0.5158730158730159
9.16981701159281	0.5238095238095238
9.41820255462864	0.5238095238095238
9.41820255462864	0.5317460317460317
9.440376626574547	0.5317460317460317
9.440376626574547	0.5396825396825397
9.490018320319482	0.5396825396825397
9.490018320319482	0.5476190476190477
10.194485914634125	0.5476190476190477
10.194485914634125	0.5555555555555556
11.681605621848437	0.5555555555555556
11.681605621848437	0.5634920634920635
12.25574561584381	0.5634920634920635
12.25574561584381	0.5714285714285714
12.555596835684996	0.5714285714285714
12.555596835684996	0.5793650793650794
17.209421658443834	0.5793650793650794
17.209421658443834	0.5873015873015873
21.33550969619086	0.5873015873015873
21.33550969619086	0.5952380952380952
30.346414154337413	0.5952380952380952
30.346414154337413	0.6031746031746031
32.059423875017366	0.6031746031746031
32.059423875017366	0.6111111111111112
1299.835773127724	0.6111111111111112
1299.835773127724	0.6190476190476191
1891.1354861177103	0.6190476190476191
1891.1354861177103	0.626984126984127
2385.899283645039	0.626984126984127
2385.899283645039	0.6349206349206349
18215.345787632163	0.6349206349206349
18215.345787632163	0.6428571428571429
22848.08043016599	0.6428571428571429
22848.08043016599	0.6507936507936508
23490.072716446706	0.6507936507936508
23490.072716446706	0.6587301587301587
61635.29059973668	0.6587301587301587
61635.29059973668	0.6666666666666666
581311.4945317648	0.6666666666666666
581311.4945317648	0.6746031746031746
1197365.8363657938	0.6746031746031746
1197365.8363657938	0.6825396825396826
3127042.9721003836	0.6825396825396826
3127042.9721003836	0.6904761904761905
3613294.025426169	0.6904761904761905
3613294.025426169	0.6984126984126984
4417746.386249378	0.6984126984126984
4417746.386249378	0.7063492063492064
4.93020491902729E7	0.7063492063492064
4.93020491902729E7	0.7142857142857143
8.978621591032675E7	0.7142857142857143
8.978621591032675E7	0.7222222222222222
5.558395286484839E8	0.7222222222222222
5.558395286484839E8	0.7301587301587301
1.2238472807951913E9	0.7301587301587301
1.2238472807951913E9	0.7380952380952381
1.5E9	0.7380952380952381
1.5E9	0.746031746031746
1.5E9	0.746031746031746
1.5E9	0.753968253968254
1.5E9	0.753968253968254
1.5E9	0.7619047619047619
1.5E9	0.7619047619047619
1.5E9	0.7698412698412699
1.5E9	0.7698412698412699
1.5E9	0.7777777777777778
1.5E9	0.7777777777777778
1.5E9	0.7857142857142857
1.5E9	0.7857142857142857
1.5E9	0.7936507936507936
1.5E9	0.7936507936507936
1.5E9	0.8015873015873016
1.5E9	0.8015873015873016
1.5E9	0.8095238095238095
1.5E9	0.8095238095238095
1.5E9	0.8174603174603174
1.5E9	0.8174603174603174
1.5E9	0.8253968253968254
1.5E9	0.8253968253968254
1.5E9	0.8333333333333334
1.5E9	0.8333333333333334
1.5E9	0.8412698412698413
1.5E9	0.8412698412698413
1.5E9	0.8492063492063492
1.5E9	0.8492063492063492
1.5E9	0.8571428571428571
1.5E9	0.8571428571428571
1.5E9	0.8650793650793651
1.5E9	0.8650793650793651
1.5E9	0.873015873015873
1.5E9	0.873015873015873
1.5E9	0.8809523809523809
1.5E9	0.8809523809523809
1.5E9	0.8888888888888888
1.5E9	0.8888888888888888
1.5E9	0.8968253968253969
1.5E9	0.8968253968253969
1.5E9	0.9047619047619048
1.5E9	0.9047619047619048
1.5E9	0.9126984126984127
1.5E9	0.9126984126984127
1.5E9	0.9206349206349206
1.5E9	0.9206349206349206
1.5E9	0.9285714285714286
1.5E9	0.9285714285714286
1.5E9	0.9365079365079365
1.5E9	0.9365079365079365
1.5E9	0.9444444444444444
2.039706710409E9	0.9444444444444444
2.039706710409E9	0.9523809523809523
3.4745140883310195E12	0.9523809523809523
3.4745140883310195E12	0.9603174603174603
3.474514154384402E12	0.9603174603174603
3.474514154384402E12	0.9682539682539683
3.6044313788783784E12	0.9682539682539683
3.6044313788783784E12	0.9761904761904762
4.487237661107881E12	0.9761904761904762
4.487237661107881E12	0.9841269841269841
2.491036273077486E16	0.9841269841269841
2.491036273077486E16	0.9920634920634921
7.148925570484396E18	0.9920634920634921
7.148925570484396E18	1.0
1.5E9	1.0
