0	0
-3.5739141114507156	0.0
-3.5739141114507156	0.007936507936507936
1.0	0.007936507936507936
1.0	0.015873015873015872
1.0	0.015873015873015872
1.0	0.023809523809523808
1.0	0.023809523809523808
1.0	0.031746031746031744
1.0	0.031746031746031744
1.0	0.03968253968253968
1.0	0.03968253968253968
1.0	0.047619047619047616
1.0	0.047619047619047616
1.0	0.05555555555555555
1.0	0.05555555555555555
1.0	0.06349206349206349
1.0	0.06349206349206349
1.0	0.07142857142857142
1.0	0.07142857142857142
1.0	0.07936507936507936
1.0	0.07936507936507936
1.0	0.0873015873015873
1.0	0.0873015873015873
1.0	0.09523809523809523
1.0	0.09523809523809523
1.0	0.10317460317460317
1.0	0.10317460317460317
1.0	0.1111111111111111
1.0	0.1111111111111111
1.0	0.11904761904761904
1.0	0.11904761904761904
1.0	0.12698412698412698
1.0000000000000027	0.12698412698412698
1.0000000000000027	0.1349206349206349
1.0000000002916734	0.1349206349206349
1.0000000002916734	0.14285714285714285
1.0000000004262917	0.14285714285714285
1.0000000004262917	0.15079365079365079
1.0000000010453565	0.15079365079365079
1.0000000010453565	0.15873015873015872
1.0000000145395032	0.15873015873015872
1.0000000145395032	0.16666666666666666
1.000000024688831	0.16666666666666666
1.000000024688831	0.1746031746031746
1.0000000509995135	0.1746031746031746
1.0000000509995135	0.18253968253968253
1.0000000509995135	0.18253968253968253
1.0000000509995135	0.19047619047619047
1.0000000595555592	0.19047619047619047
1.0000000595555592	0.1984126984126984
1.0000000691000048	0.1984126984126984
1.0000000691000048	0.20634920634920634
1.000000094700009	0.20634920634920634
1.000000094700009	0.21428571428571427
1.0000004428001965	0.21428571428571427
1.0000004428001965	0.2222222222222222
1.0000005993333332	0.2222222222222222
1.0000005993333332	0.23015873015873015
1.0000010428010906	0.23015873015873015
1.0000010428010906	0.23809523809523808
1.0000023879542723	0.23809523809523808
1.0000023879542723	0.24603174603174602
1.0000029600087617	0.24603174603174602
1.0000029600087617	0.25396825396825395
1.0000046761239898	0.25396825396825395
1.0000046761239898	0.2619047619047619
1.0000057788921533	0.2619047619047619
1.0000057788921533	0.2698412698412698
1.00001694504332	0.2698412698412698
1.00001694504332	0.2777777777777778
1.0002306750836951	0.2777777777777778
1.0002306750836951	0.2857142857142857
1.0002307065560685	0.2857142857142857
1.0002307065560685	0.29365079365079366
1.0005550578083737	0.29365079365079366
1.0005550578083737	0.30158730158730157
1.0016242845244059	0.30158730158730157
1.0016242845244059	0.30952380952380953
1.0022053918060232	0.30952380952380953
1.0022053918060232	0.31746031746031744
1.0072445139945752	0.31746031746031744
1.0072445139945752	0.3253968253968254
1.010305133512273	0.3253968253968254
1.010305133512273	0.3333333333333333
1.0236950643278997	0.3333333333333333
1.0236950643278997	0.3412698412698413
1.0337873022256774	0.3412698412698413
1.0337873022256774	0.3492063492063492
1.0443213646697518	0.3492063492063492
1.0443213646697518	0.35714285714285715
1.054795989345255	0.35714285714285715
1.054795989345255	0.36507936507936506
1.055821171427609	0.36507936507936506
1.055821171427609	0.373015873015873
1.0625043014015836	0.373015873015873
1.0625043014015836	0.38095238095238093
1.08679086493973	0.38095238095238093
1.08679086493973	0.3888888888888889
1.0970731593998326	0.3888888888888889
1.0970731593998326	0.3968253968253968
1.1038279988982598	0.3968253968253968
1.1038279988982598	0.40476190476190477
1.1047030178417272	0.40476190476190477
1.1047030178417272	0.4126984126984127
1.1292754263191334	0.4126984126984127
1.1292754263191334	0.42063492063492064
1.206344023648852	0.42063492063492064
1.206344023648852	0.42857142857142855
1.243406084265296	0.42857142857142855
1.243406084265296	0.4365079365079365
1.24355357305814	0.4365079365079365
1.24355357305814	0.4444444444444444
1.3682144764267734	0.4444444444444444
1.3682144764267734	0.4523809523809524
1.3770614343136718	0.4523809523809524
1.3770614343136718	0.4603174603174603
1.4313990361037756	0.4603174603174603
1.4313990361037756	0.46825396825396826
1.5874316911255943	0.46825396825396826
1.5874316911255943	0.47619047619047616
1.6381622293162381	0.47619047619047616
1.6381622293162381	0.48412698412698413
1.8754968101312277	0.48412698412698413
1.8754968101312277	0.49206349206349204
2.037287715518416	0.49206349206349204
2.037287715518416	0.5
2.1331682559563387	0.5
2.1331682559563387	0.5079365079365079
2.1737884436552113	0.5079365079365079
2.1737884436552113	0.5158730158730159
2.1907963839572733	0.5158730158730159
2.1907963839572733	0.5238095238095238
2.414265266159015	0.5238095238095238
2.414265266159015	0.5317460317460317
2.6563309407611038	0.5317460317460317
2.6563309407611038	0.5396825396825397
2.9033622286477003	0.5396825396825397
2.9033622286477003	0.5476190476190477
3.190281433104621	0.5476190476190477
3.190281433104621	0.5555555555555556
3.433635696041769	0.5555555555555556
3.433635696041769	0.5634920634920635
3.9140839495461552	0.5634920634920635
3.9140839495461552	0.5714285714285714
4.389666512178621	0.5714285714285714
4.389666512178621	0.5793650793650794
4.485483515031258	0.5793650793650794
4.485483515031258	0.5873015873015873
5.201578481531248	0.5873015873015873
5.201578481531248	0.5952380952380952
5.289454202554298	0.5952380952380952
5.289454202554298	0.6031746031746031
5.337348794673807	0.6031746031746031
5.337348794673807	0.6111111111111112
6.032983481480192	0.6111111111111112
6.032983481480192	0.6190476190476191
7.8082411524678585	0.6190476190476191
7.8082411524678585	0.626984126984127
32.75269769973423	0.626984126984127
32.75269769973423	0.6349206349206349
104.72520838091216	0.6349206349206349
104.72520838091216	0.6428571428571429
166.76052952162695	0.6428571428571429
166.76052952162695	0.6507936507936508
492.6214513318102	0.6507936507936508
492.6214513318102	0.6587301587301587
688.9863413187077	0.6587301587301587
688.9863413187077	0.6666666666666666
790.2094300338273	0.6666666666666666
790.2094300338273	0.6746031746031746
1007.535672329823	0.6746031746031746
1007.535672329823	0.6825396825396826
1496.0221898229195	0.6825396825396826
1496.0221898229195	0.6904761904761905
2715.6276613114933	0.6904761904761905
2715.6276613114933	0.6984126984126984
3413.901864078279	0.6984126984126984
3413.901864078279	0.7063492063492064
37010.81865872613	0.7063492063492064
37010.81865872613	0.7142857142857143
561840.0367179214	0.7142857142857143
561840.0367179214	0.7222222222222222
1248747.6270295256	0.7222222222222222
1248747.6270295256	0.7301587301587301
4747837.8647087	0.7301587301587301
4747837.8647087	0.7380952380952381
1.2277267637386719E7	0.7380952380952381
1.2277267637386719E7	0.746031746031746
1.429301151843563E9	0.746031746031746
1.429301151843563E9	0.753968253968254
1.4293011791162705E9	0.753968253968254
1.4293011791162705E9	0.7619047619047619
1.5E9	0.7619047619047619
1.5E9	0.7698412698412699
1.5E9	0.7698412698412699
1.5E9	0.7777777777777778
1.5E9	0.7777777777777778
1.5E9	0.7857142857142857
1.5E9	0.7857142857142857
1.5E9	0.7936507936507936
1.5E9	0.7936507936507936
1.5E9	0.8015873015873016
1.5E9	0.8015873015873016
1.5E9	0.8095238095238095
1.5E9	0.8095238095238095
1.5E9	0.8174603174603174
1.5E9	0.8174603174603174
1.5E9	0.8253968253968254
1.5E9	0.8253968253968254
1.5E9	0.8333333333333334
1.5E9	0.8333333333333334
1.5E9	0.8412698412698413
1.5E9	0.8412698412698413
1.5E9	0.8492063492063492
1.5E9	0.8492063492063492
1.5E9	0.8571428571428571
1.5E9	0.8571428571428571
1.5E9	0.8650793650793651
1.5E9	0.8650793650793651
1.5E9	0.873015873015873
1.5E9	0.873015873015873
1.5E9	0.8809523809523809
1.5E9	0.8809523809523809
1.5E9	0.8888888888888888
1.5E9	0.8888888888888888
1.5E9	0.8968253968253969
1.5E9	0.8968253968253969
1.5E9	0.9047619047619048
1.5E9	0.9047619047619048
1.5E9	0.9126984126984127
1.5E9	0.9126984126984127
1.5E9	0.9206349206349206
1.5E9	0.9206349206349206
1.5E9	0.9285714285714286
1.5E9	0.9285714285714286
1.5E9	0.9365079365079365
1.5E9	0.9365079365079365
1.5E9	0.9444444444444444
1.5E9	0.9444444444444444
1.5E9	0.9523809523809523
1.5E9	0.9523809523809523
1.5E9	0.9603174603174603
1.5E9	0.9603174603174603
1.5E9	0.9682539682539683
2.6040674969403687E9	0.9682539682539683
2.6040674969403687E9	0.9761904761904762
2.7460882487040763E9	0.9761904761904762
2.7460882487040763E9	0.9841269841269841
5.199724851459346E9	0.9841269841269841
5.199724851459346E9	0.9920634920634921
2.402224815342722E12	0.9920634920634921
2.402224815342722E12	1.0
1.5E9	1.0
