0	0
-0.14371959337122747	0.0
-0.14371959337122747	0.007936507936507936
1.0	0.007936507936507936
1.0	0.015873015873015872
1.0	0.015873015873015872
1.0	0.023809523809523808
1.0	0.023809523809523808
1.0	0.031746031746031744
1.0	0.031746031746031744
1.0	0.03968253968253968
1.0	0.03968253968253968
1.0	0.047619047619047616
1.0	0.047619047619047616
1.0	0.05555555555555555
1.0	0.05555555555555555
1.0	0.06349206349206349
1.0000000004946072	0.06349206349206349
1.0000000004946072	0.07142857142857142
1.0000000008586098	0.07142857142857142
1.0000000008586098	0.07936507936507936
1.000000001873469	0.07936507936507936
1.000000001873469	0.0873015873015873
1.0000000035280463	0.0873015873015873
1.0000000035280463	0.09523809523809523
1.0000000057713665	0.09523809523809523
1.0000000057713665	0.10317460317460317
1.0000000098272421	0.10317460317460317
1.0000000098272421	0.1111111111111111
1.0000003105223418	0.1111111111111111
1.0000003105223418	0.11904761904761904
1.0000006281003946	0.11904761904761904
1.0000006281003946	0.12698412698412698
1.0000006469317249	0.12698412698412698
1.0000006469317249	0.1349206349206349
1.0000008541007448	0.1349206349206349
1.0000008541007448	0.14285714285714285
1.0000012043014517	0.14285714285714285
1.0000012043014517	0.15079365079365079
1.0000014404417223	0.15079365079365079
1.0000014404417223	0.15873015873015872
1.000001645202712	0.15873015873015872
1.000001645202712	0.16666666666666666
1.0000025679247697	0.16666666666666666
1.0000025679247697	0.1746031746031746
1.0000078551728144	0.1746031746031746
1.0000078551728144	0.18253968253968253
1.0000156526938595	0.18253968253968253
1.0000156526938595	0.19047619047619047
1.0000156526938595	0.19047619047619047
1.0000156526938595	0.1984126984126984
1.0000248683640747	0.1984126984126984
1.0000248683640747	0.20634920634920634
1.000079336897629	0.20634920634920634
1.000079336897629	0.21428571428571427
1.000193234399881	0.21428571428571427
1.000193234399881	0.2222222222222222
1.0002199365614546	0.2222222222222222
1.0002199365614546	0.23015873015873015
1.0002454498338704	0.23015873015873015
1.0002454498338704	0.23809523809523808
1.0003002902813485	0.23809523809523808
1.0003002902813485	0.24603174603174602
1.0006957036664348	0.24603174603174602
1.0006957036664348	0.25396825396825395
1.0026390105965435	0.25396825396825395
1.0026390105965435	0.2619047619047619
1.0056821442931385	0.2619047619047619
1.0056821442931385	0.2698412698412698
1.0056821593973346	0.2698412698412698
1.0056821593973346	0.2777777777777778
1.0110212712083748	0.2777777777777778
1.0110212712083748	0.2857142857142857
1.016372862327207	0.2857142857142857
1.016372862327207	0.29365079365079366
1.017888516956206	0.29365079365079366
1.017888516956206	0.30158730158730157
1.0245412024084477	0.30158730158730157
1.0245412024084477	0.30952380952380953
1.0273709546	0.30952380952380953
1.0273709546	0.31746031746031744
1.0716649312367539	0.31746031746031744
1.0716649312367539	0.3253968253968254
1.0729278130351587	0.3253968253968254
1.0729278130351587	0.3333333333333333
1.1017261192724601	0.3333333333333333
1.1017261192724601	0.3412698412698413
1.1139358359075882	0.3412698412698413
1.1139358359075882	0.3492063492063492
1.225097263118201	0.3492063492063492
1.225097263118201	0.35714285714285715
1.292857873888667	0.35714285714285715
1.292857873888667	0.36507936507936506
1.3073042792397953	0.36507936507936506
1.3073042792397953	0.373015873015873
1.3429487646073135	0.373015873015873
1.3429487646073135	0.38095238095238093
1.4742477300895438	0.38095238095238093
1.4742477300895438	0.3888888888888889
1.506116397169452	0.3888888888888889
1.506116397169452	0.3968253968253968
1.5298350353136267	0.3968253968253968
1.5298350353136267	0.40476190476190477
1.5400184413524927	0.40476190476190477
1.5400184413524927	0.4126984126984127
1.569351395994697	0.4126984126984127
1.569351395994697	0.42063492063492064
1.6818453797124935	0.42063492063492064
1.6818453797124935	0.42857142857142855
1.751463791520058	0.42857142857142855
1.751463791520058	0.4365079365079365
1.9405390915870657	0.4365079365079365
1.9405390915870657	0.4444444444444444
2.0373020656311893	0.4444444444444444
2.0373020656311893	0.4523809523809524
2.268954665723417	0.4523809523809524
2.268954665723417	0.4603174603174603
3.2575296597216483	0.4603174603174603
3.2575296597216483	0.46825396825396826
3.389521650292791	0.46825396825396826
3.389521650292791	0.47619047619047616
4.076964599053594	0.47619047619047616
4.076964599053594	0.48412698412698413
4.188450591901245	0.48412698412698413
4.188450591901245	0.49206349206349204
4.6348965882251445	0.49206349206349204
4.6348965882251445	0.5
5.255150721298026	0.5
5.255150721298026	0.5079365079365079
5.323905640876187	0.5079365079365079
5.323905640876187	0.5158730158730159
6.858134632005833	0.5158730158730159
6.858134632005833	0.5238095238095238
7.250428309456349	0.5238095238095238
7.250428309456349	0.5317460317460317
7.427039779587727	0.5317460317460317
7.427039779587727	0.5396825396825397
7.934322364409389	0.5396825396825397
7.934322364409389	0.5476190476190477
8.333998259131157	0.5476190476190477
8.333998259131157	0.5555555555555556
9.490885960762409	0.5555555555555556
9.490885960762409	0.5634920634920635
9.586733643101303	0.5634920634920635
9.586733643101303	0.5714285714285714
11.125827426207428	0.5714285714285714
11.125827426207428	0.5793650793650794
14.329291380040546	0.5793650793650794
14.329291380040546	0.5873015873015873
17.72971822618598	0.5873015873015873
17.72971822618598	0.5952380952380952
19.682647838012663	0.5952380952380952
19.682647838012663	0.6031746031746031
23.70615778334346	0.6031746031746031
23.70615778334346	0.6111111111111112
361.0308175735697	0.6111111111111112
361.0308175735697	0.6190476190476191
580.2352117751544	0.6190476190476191
580.2352117751544	0.626984126984127
1917.0457263996925	0.626984126984127
1917.0457263996925	0.6349206349206349
6659.644326859942	0.6349206349206349
6659.644326859942	0.6428571428571429
8139.09947188832	0.6428571428571429
8139.09947188832	0.6507936507936508
14402.21948698223	0.6507936507936508
14402.21948698223	0.6587301587301587
147702.7641559478	0.6587301587301587
147702.7641559478	0.6666666666666666
752436.5642883568	0.6666666666666666
752436.5642883568	0.6746031746031746
798220.7942204698	0.6746031746031746
798220.7942204698	0.6825396825396826
850690.1836044366	0.6825396825396826
850690.1836044366	0.6904761904761905
912964.0630801877	0.6904761904761905
912964.0630801877	0.6984126984126984
4214217.920260829	0.6984126984126984
4214217.920260829	0.7063492063492064
9723281.940709714	0.7063492063492064
9723281.940709714	0.7142857142857143
1.6650723416514536E7	0.7142857142857143
1.6650723416514536E7	0.7222222222222222
7.598146846555826E7	0.7222222222222222
7.598146846555826E7	0.7301587301587301
3.5468765363656616E8	0.7301587301587301
3.5468765363656616E8	0.7380952380952381
6.166139921998668E8	0.7380952380952381
6.166139921998668E8	0.746031746031746
1.5E9	0.746031746031746
1.5E9	0.753968253968254
1.5E9	0.753968253968254
1.5E9	0.7619047619047619
1.5E9	0.7619047619047619
1.5E9	0.7698412698412699
1.5E9	0.7698412698412699
1.5E9	0.7777777777777778
1.5E9	0.7777777777777778
1.5E9	0.7857142857142857
1.5E9	0.7857142857142857
1.5E9	0.7936507936507936
1.5E9	0.7936507936507936
1.5E9	0.8015873015873016
1.5E9	0.8015873015873016
1.5E9	0.8095238095238095
1.5E9	0.8095238095238095
1.5E9	0.8174603174603174
1.5E9	0.8174603174603174
1.5E9	0.8253968253968254
1.5E9	0.8253968253968254
1.5E9	0.8333333333333334
1.5E9	0.8333333333333334
1.5E9	0.8412698412698413
1.5E9	0.8412698412698413
1.5E9	0.8492063492063492
1.5E9	0.8492063492063492
1.5E9	0.8571428571428571
1.5E9	0.8571428571428571
1.5E9	0.8650793650793651
1.5E9	0.8650793650793651
1.5E9	0.873015873015873
1.5E9	0.873015873015873
1.5E9	0.8809523809523809
1.5E9	0.8809523809523809
1.5E9	0.8888888888888888
1.5E9	0.8888888888888888
1.5E9	0.8968253968253969
1.5E9	0.8968253968253969
1.5E9	0.9047619047619048
1.5E9	0.9047619047619048
1.5E9	0.9126984126984127
1.5E9	0.9126984126984127
1.5E9	0.9206349206349206
1.5E9	0.9206349206349206
1.5E9	0.9285714285714286
1.5E9	0.9285714285714286
1.5E9	0.9365079365079365
1.5E9	0.9365079365079365
1.5E9	0.9444444444444444
1.5E9	0.9444444444444444
1.5E9	0.9523809523809523
6.207593310657588E11	0.9523809523809523
6.207593310657588E11	0.9603174603174603
6.20759342925065E11	0.9603174603174603
6.20759342925065E11	0.9682539682539683
8.683513516954247E11	0.9682539682539683
8.683513516954247E11	0.9761904761904762
1.064306931442881E12	0.9761904761904762
1.064306931442881E12	0.9841269841269841
1.624212710822333E14	0.9841269841269841
1.624212710822333E14	0.9920634920634921
5.715748966816907E15	0.9920634920634921
5.715748966816907E15	1.0
1.5E9	1.0
