0	0
-0.08108023899064658	0.0
-0.08108023899064658	0.007936507936507936
1.0	0.007936507936507936
1.0	0.015873015873015872
1.0	0.015873015873015872
1.0	0.023809523809523808
1.0	0.023809523809523808
1.0	0.031746031746031744
1.0	0.031746031746031744
1.0	0.03968253968253968
1.0	0.03968253968253968
1.0	0.047619047619047616
1.0	0.047619047619047616
1.0	0.05555555555555555
1.0	0.05555555555555555
1.0	0.06349206349206349
1.0	0.06349206349206349
1.0	0.07142857142857142
1.0	0.07142857142857142
1.0	0.07936507936507936
1.0000000237411415	0.07936507936507936
1.0000000237411415	0.0873015873015873
1.0000000655837138	0.0873015873015873
1.0000000655837138	0.09523809523809523
1.0000001116087003	0.09523809523809523
1.0000001116087003	0.10317460317460317
1.0000002872653246	0.10317460317460317
1.0000002872653246	0.1111111111111111
1.00000030385308	0.1111111111111111
1.00000030385308	0.11904761904761904
1.0000006604004479	0.11904761904761904
1.0000006604004479	0.12698412698412698
1.000001230833239	0.12698412698412698
1.000001230833239	0.1349206349206349
1.0000022515509817	0.1349206349206349
1.0000022515509817	0.14285714285714285
1.000003376711402	0.14285714285714285
1.000003376711402	0.15079365079365079
1.000003921815393	0.15079365079365079
1.000003921815393	0.15873015873015872
1.0000066045436262	0.15873015873015872
1.0000066045436262	0.16666666666666666
1.0000101900010931	0.16666666666666666
1.0000101900010931	0.1746031746031746
1.0000376037520893	0.1746031746031746
1.0000376037520893	0.18253968253968253
1.000040068272069	0.18253968253968253
1.000040068272069	0.19047619047619047
1.0000406566227522	0.19047619047619047
1.0000406566227522	0.1984126984126984
1.0000663348816177	0.1984126984126984
1.0000663348816177	0.20634920634920634
1.0002643530876516	0.20634920634920634
1.0002643530876516	0.21428571428571427
1.0002796815942896	0.21428571428571427
1.0002796815942896	0.2222222222222222
1.0002796815942896	0.2222222222222222
1.0002796815942896	0.23015873015873015
1.001309814530025	0.23015873015873015
1.001309814530025	0.23809523809523808
1.001781472384438	0.23809523809523808
1.001781472384438	0.24603174603174602
1.0022517750918958	0.24603174603174602
1.0022517750918958	0.25396825396825395
1.0026589839240798	0.25396825396825395
1.0026589839240798	0.2619047619047619
1.006365390817419	0.2619047619047619
1.006365390817419	0.2698412698412698
1.0089519566636826	0.2698412698412698
1.0089519566636826	0.2777777777777778
1.0117521710253015	0.2777777777777778
1.0117521710253015	0.2857142857142857
1.011752198043215	0.2857142857142857
1.011752198043215	0.29365079365079366
1.0317263786197022	0.29365079365079366
1.0317263786197022	0.30158730158730157
1.035717227196298	0.30158730158730157
1.035717227196298	0.30952380952380953
1.0404182825447692	0.30952380952380953
1.0404182825447692	0.31746031746031744
1.0837203618648954	0.31746031746031744
1.0837203618648954	0.3253968253968254
1.12762750542726	0.3253968253968254
1.12762750542726	0.3333333333333333
1.171191159747998	0.3333333333333333
1.171191159747998	0.3412698412698413
1.2284807195852743	0.3412698412698413
1.2284807195852743	0.3492063492063492
1.3227993718661828	0.3492063492063492
1.3227993718661828	0.35714285714285715
1.3627038894	0.35714285714285715
1.3627038894	0.36507936507936506
1.3729183138151917	0.36507936507936506
1.3729183138151917	0.373015873015873
1.6451793546103193	0.373015873015873
1.6451793546103193	0.38095238095238093
1.784893083631534	0.38095238095238093
1.784893083631534	0.3888888888888889
1.813819368915286	0.3888888888888889
1.813819368915286	0.3968253968253968
1.888903765478182	0.3968253968253968
1.888903765478182	0.40476190476190477
2.0295774715106436	0.40476190476190477
2.0295774715106436	0.4126984126984127
2.1047225429018064	0.4126984126984127
2.1047225429018064	0.42063492063492064
2.163621747713612	0.42063492063492064
2.163621747713612	0.42857142857142855
2.266691583629869	0.42857142857142855
2.266691583629869	0.4365079365079365
2.3015486662135887	0.4365079365079365
2.3015486662135887	0.4444444444444444
2.3081908953244605	0.4444444444444444
2.3081908953244605	0.4523809523809524
3.8828349994614846	0.4523809523809524
3.8828349994614846	0.4603174603174603
4.1310911200399065	0.4603174603174603
4.1310911200399065	0.46825396825396826
5.6964298994941345	0.46825396825396826
5.6964298994941345	0.47619047619047616
5.7037272195132385	0.47619047619047616
5.7037272195132385	0.48412698412698413
5.764447971053427	0.48412698412698413
5.764447971053427	0.49206349206349204
5.846578108297289	0.49206349206349204
5.846578108297289	0.5
8.056991369746168	0.5
8.056991369746168	0.5079365079365079
9.971631432382027	0.5079365079365079
9.971631432382027	0.5158730158730159
10.901164705175455	0.5158730158730159
10.901164705175455	0.5238095238095238
11.081214471069556	0.5238095238095238
11.081214471069556	0.5317460317460317
11.997370427406208	0.5317460317460317
11.997370427406208	0.5396825396825397
12.210051160812835	0.5396825396825397
12.210051160812835	0.5476190476190477
12.855163810290259	0.5476190476190477
12.855163810290259	0.5555555555555556
13.083337029706048	0.5555555555555556
13.083337029706048	0.5634920634920635
14.322103390392607	0.5634920634920635
14.322103390392607	0.5714285714285714
18.509374312905653	0.5714285714285714
18.509374312905653	0.5793650793650794
19.014415414530323	0.5793650793650794
19.014415414530323	0.5873015873015873
29.56303067203557	0.5873015873015873
29.56303067203557	0.5952380952380952
38.4196858064792	0.5952380952380952
38.4196858064792	0.6031746031746031
42.83198915673487	0.6031746031746031
42.83198915673487	0.6111111111111112
3144.939649786322	0.6111111111111112
3144.939649786322	0.6190476190476191
6328.386066708063	0.6190476190476191
6328.386066708063	0.626984126984127
34643.427372722	0.626984126984127
34643.427372722	0.6349206349206349
40292.81611243215	0.6349206349206349
40292.81611243215	0.6428571428571429
58822.56195546761	0.6428571428571429
58822.56195546761	0.6507936507936508
96129.00736165793	0.6507936507936508
96129.00736165793	0.6587301587301587
538237.9608574677	0.6587301587301587
538237.9608574677	0.6666666666666666
1182816.1412041709	0.6666666666666666
1182816.1412041709	0.6746031746031746
2247392.4693038734	0.6746031746031746
2247392.4693038734	0.6825396825396826
5651801.462591477	0.6825396825396826
5651801.462591477	0.6904761904761905
8473132.888188133	0.6904761904761905
8473132.888188133	0.6984126984126984
1.27683581529003E7	0.6984126984126984
1.27683581529003E7	0.7063492063492064
1.2565515029909065E8	0.7063492063492064
1.2565515029909065E8	0.7142857142857143
1.9824380692436105E8	0.7142857142857143
1.9824380692436105E8	0.7222222222222222
1.5E9	0.7222222222222222
1.5E9	0.7301587301587301
1.5E9	0.7301587301587301
1.5E9	0.7380952380952381
1.5E9	0.7380952380952381
1.5E9	0.746031746031746
1.5E9	0.746031746031746
1.5E9	0.753968253968254
1.5E9	0.753968253968254
1.5E9	0.7619047619047619
1.5E9	0.7619047619047619
1.5E9	0.7698412698412699
1.5E9	0.7698412698412699
1.5E9	0.7777777777777778
1.5E9	0.7777777777777778
1.5E9	0.7857142857142857
1.5E9	0.7857142857142857
1.5E9	0.7936507936507936
1.5E9	0.7936507936507936
1.5E9	0.8015873015873016
1.5E9	0.8015873015873016
1.5E9	0.8095238095238095
1.5E9	0.8095238095238095
1.5E9	0.8174603174603174
1.5E9	0.8174603174603174
1.5E9	0.8253968253968254
1.5E9	0.8253968253968254
1.5E9	0.8333333333333334
1.5E9	0.8333333333333334
1.5E9	0.8412698412698413
1.5E9	0.8412698412698413
1.5E9	0.8492063492063492
1.5E9	0.8492063492063492
1.5E9	0.8571428571428571
1.5E9	0.8571428571428571
1.5E9	0.8650793650793651
1.5E9	0.8650793650793651
1.5E9	0.873015873015873
1.5E9	0.873015873015873
1.5E9	0.8809523809523809
1.5E9	0.8809523809523809
1.5E9	0.8888888888888888
1.5E9	0.8888888888888888
1.5E9	0.8968253968253969
1.5E9	0.8968253968253969
1.5E9	0.9047619047619048
1.5E9	0.9047619047619048
1.5E9	0.9126984126984127
1.5E9	0.9126984126984127
1.5E9	0.9206349206349206
1.5E9	0.9206349206349206
1.5E9	0.9285714285714286
2.3172377475582137E9	0.9285714285714286
2.3172377475582137E9	0.9365079365079365
3.14272587605631E9	0.9365079365079365
3.14272587605631E9	0.9444444444444444
5.084753279854485E9	0.9444444444444444
5.084753279854485E9	0.9523809523809523
9.517246852517658E12	0.9523809523809523
9.517246852517658E12	0.9603174603174603
1.0230203562045328E13	0.9603174603174603
1.0230203562045328E13	0.9682539682539683
1.0230203759279205E13	0.9682539682539683
1.0230203759279205E13	0.9761904761904762
1.6716092936770906E13	0.9761904761904762
1.6716092936770906E13	0.9841269841269841
1.7090415534590834E16	0.9841269841269841
1.7090415534590834E16	0.9920634920634921
1.6824808632535504E17	0.9920634920634921
1.6824808632535504E17	1.0
1.5E9	1.0
