0	0
-2.8541552025009325	0.0
-2.8541552025009325	0.007936507936507936
-1.3331509878122935E-4	0.007936507936507936
-1.3331509878122935E-4	0.015873015873015872
-6.296410751268292E-11	0.015873015873015872
-6.296410751268292E-11	0.023809523809523808
1.0	0.023809523809523808
1.0	0.031746031746031744
1.0	0.031746031746031744
1.0	0.03968253968253968
1.0	0.03968253968253968
1.0	0.047619047619047616
1.0	0.047619047619047616
1.0	0.05555555555555555
1.0	0.05555555555555555
1.0	0.06349206349206349
1.0000000014838215	0.06349206349206349
1.0000000014838215	0.07142857142857142
1.0000000081183655	0.07142857142857142
1.0000000081183655	0.07936507936507936
1.0000000147388879	0.07936507936507936
1.0000000147388879	0.0873015873015873
1.000000015395207	0.0873015873015873
1.000000015395207	0.09523809523809523
1.0000000167582201	0.09523809523809523
1.0000000167582201	0.10317460317460317
1.0000000173140995	0.10317460317460317
1.0000000173140995	0.1111111111111111
1.0000000216015479	0.1111111111111111
1.0000000216015479	0.11904761904761904
1.0000000648888931	0.11904761904761904
1.0000000648888931	0.12698412698412698
1.0000001526000233	0.12698412698412698
1.0000001526000233	0.1349206349206349
1.0000006734698377	0.1349206349206349
1.0000006734698377	0.14285714285714285
1.0000006779004595	0.14285714285714285
1.0000006779004595	0.15079365079365079
1.0000009206008476	0.15079365079365079
1.0000009206008476	0.15873015873015872
1.0000025271174975	0.15873015873015872
1.0000025271174975	0.16666666666666666
1.0000026883597297	0.16666666666666666
1.0000026883597297	0.1746031746031746
1.0000027303074546	0.1746031746031746
1.0000027303074546	0.18253968253968253
1.0000059570227762	0.18253968253968253
1.0000059570227762	0.19047619047619047
1.0000120985795122	0.19047619047619047
1.0000120985795122	0.1984126984126984
1.0000125220491378	0.1984126984126984
1.0000125220491378	0.20634920634920634
1.000075438626932	0.20634920634920634
1.000075438626932	0.21428571428571427
1.000075438626932	0.21428571428571427
1.000075438626932	0.2222222222222222
1.0000902335488038	0.2222222222222222
1.0000902335488038	0.23015873015873015
1.00058563150032	0.23015873015873015
1.00058563150032	0.23809523809523808
1.000807234127997	0.23809523809523808
1.000807234127997	0.24603174603174602
1.001036102406065	0.24603174603174602
1.001036102406065	0.25396825396825395
1.0011764804559409	0.25396825396825395
1.0011764804559409	0.2619047619047619
1.0011765314868857	0.2619047619047619
1.0011765314868857	0.2698412698412698
1.0014581303333332	0.2698412698412698
1.0014581303333332	0.2777777777777778
1.0022675685800913	0.2777777777777778
1.0022675685800913	0.2857142857142857
1.0027441000784802	0.2857142857142857
1.0027441000784802	0.29365079365079366
1.0057556589096213	0.29365079365079366
1.0057556589096213	0.30158730158730157
1.007725275703298	0.30158730158730157
1.007725275703298	0.30952380952380953
1.0086023818459797	0.30952380952380953
1.0086023818459797	0.31746031746031744
1.0178729853524733	0.31746031746031744
1.0178729853524733	0.3253968253968254
1.023355227276047	0.3253968253968254
1.023355227276047	0.3333333333333333
1.0779977094270947	0.3333333333333333
1.0779977094270947	0.3412698412698413
1.1082120599927068	0.3412698412698413
1.1082120599927068	0.3492063492063492
1.1088265518	0.3492063492063492
1.1088265518	0.35714285714285715
1.1154431824	0.35714285714285715
1.1154431824	0.36507936507936506
1.130245418296643	0.36507936507936506
1.130245418296643	0.373015873015873
1.1604900907954607	0.373015873015873
1.1604900907954607	0.38095238095238093
1.1770008530351423	0.38095238095238093
1.1770008530351423	0.3888888888888889
1.1937769954243342	0.3888888888888889
1.1937769954243342	0.3968253968253968
1.2626232907458386	0.3968253968253968
1.2626232907458386	0.40476190476190477
1.3226546652655262	0.40476190476190477
1.3226546652655262	0.4126984126984127
1.3283844603043586	0.4126984126984127
1.3283844603043586	0.42063492063492064
1.3679721884252272	0.42063492063492064
1.3679721884252272	0.42857142857142855
1.374726978641955	0.42857142857142855
1.374726978641955	0.4365079365079365
1.4893190408198123	0.4365079365079365
1.4893190408198123	0.4444444444444444
1.5916608019244138	0.4444444444444444
1.5916608019244138	0.4523809523809524
1.7553961433134992	0.4523809523809524
1.7553961433134992	0.4603174603174603
1.8025468824615882	0.4603174603174603
1.8025468824615882	0.46825396825396826
1.8679017874737947	0.46825396825396826
1.8679017874737947	0.47619047619047616
1.9479149815635726	0.47619047619047616
1.9479149815635726	0.48412698412698413
1.9684651813237646	0.48412698412698413
1.9684651813237646	0.49206349206349204
2.028887566777286	0.49206349206349204
2.028887566777286	0.5
2.1740467511630484	0.5
2.1740467511630484	0.5079365079365079
2.7144382175399966	0.5079365079365079
2.7144382175399966	0.5158730158730159
4.246903969836876	0.5158730158730159
4.246903969836876	0.5238095238095238
5.673443827726423	0.5238095238095238
5.673443827726423	0.5317460317460317
5.777029015300995	0.5317460317460317
5.777029015300995	0.5396825396825397
6.233320567950755	0.5396825396825397
6.233320567950755	0.5476190476190477
6.3203169172347655	0.5476190476190477
6.3203169172347655	0.5555555555555556
6.7127674518433835	0.5555555555555556
6.7127674518433835	0.5634920634920635
9.811754152961802	0.5634920634920635
9.811754152961802	0.5714285714285714
9.854776629302547	0.5714285714285714
9.854776629302547	0.5793650793650794
12.948687581529132	0.5793650793650794
12.948687581529132	0.5873015873015873
12.97689502205581	0.5873015873015873
12.97689502205581	0.5952380952380952
16.090248243604936	0.5952380952380952
16.090248243604936	0.6031746031746031
26.724713998877142	0.6031746031746031
26.724713998877142	0.6111111111111112
32.57151051777035	0.6111111111111112
32.57151051777035	0.6190476190476191
41.65467266125509	0.6190476190476191
41.65467266125509	0.626984126984127
94.54777253921073	0.626984126984127
94.54777253921073	0.6349206349206349
107.57437638145403	0.6349206349206349
107.57437638145403	0.6428571428571429
121.49084891226693	0.6428571428571429
121.49084891226693	0.6507936507936508
246.93773896483233	0.6507936507936508
246.93773896483233	0.6587301587301587
274.4665783385103	0.6587301587301587
274.4665783385103	0.6666666666666666
17891.6189707394	0.6666666666666666
17891.6189707394	0.6746031746031746
44762.520941636816	0.6746031746031746
44762.520941636816	0.6825396825396826
488380.02658023365	0.6825396825396826
488380.02658023365	0.6904761904761905
5758742.892754281	0.6904761904761905
5758742.892754281	0.6984126984126984
9395278.559724752	0.6984126984126984
9395278.559724752	0.7063492063492064
9821907.75210607	0.7063492063492064
9821907.75210607	0.7142857142857143
2.056896499037684E7	0.7142857142857143
2.056896499037684E7	0.7222222222222222
1.5E9	0.7222222222222222
1.5E9	0.7301587301587301
1.5E9	0.7301587301587301
1.5E9	0.7380952380952381
1.5E9	0.7380952380952381
1.5E9	0.746031746031746
1.5E9	0.746031746031746
1.5E9	0.753968253968254
1.5E9	0.753968253968254
1.5E9	0.7619047619047619
1.5E9	0.7619047619047619
1.5E9	0.7698412698412699
1.5E9	0.7698412698412699
1.5E9	0.7777777777777778
1.5E9	0.7777777777777778
1.5E9	0.7857142857142857
1.5E9	0.7857142857142857
1.5E9	0.7936507936507936
1.5E9	0.7936507936507936
1.5E9	0.8015873015873016
1.5E9	0.8015873015873016
1.5E9	0.8095238095238095
1.5E9	0.8095238095238095
1.5E9	0.8174603174603174
1.5E9	0.8174603174603174
1.5E9	0.8253968253968254
1.5E9	0.8253968253968254
1.5E9	0.8333333333333334
1.5E9	0.8333333333333334
1.5E9	0.8412698412698413
1.5E9	0.8412698412698413
1.5E9	0.8492063492063492
1.5E9	0.8492063492063492
1.5E9	0.8571428571428571
1.5E9	0.8571428571428571
1.5E9	0.8650793650793651
1.5E9	0.8650793650793651
1.5E9	0.873015873015873
1.5E9	0.873015873015873
1.5E9	0.8809523809523809
1.5E9	0.8809523809523809
1.5E9	0.8888888888888888
1.5E9	0.8888888888888888
1.5E9	0.8968253968253969
1.5E9	0.8968253968253969
1.5E9	0.9047619047619048
1.5E9	0.9047619047619048
1.5E9	0.9126984126984127
1.5E9	0.9126984126984127
1.5E9	0.9206349206349206
1.5E9	0.9206349206349206
1.5E9	0.9285714285714286
1.1833037453608694E10	0.9285714285714286
1.1833037453608694E10	0.9365079365079365
5.887096080019052E15	0.9365079365079365
5.887096080019052E15	0.9444444444444444
5.887100123851083E15	0.9444444444444444
5.887100123851083E15	0.9523809523809523
2.511142045757188E16	0.9523809523809523
2.511142045757188E16	0.9603174603174603
2.613576379147942E19	0.9603174603174603
2.613576379147942E19	0.9682539682539683
5.837356402641915E19	0.9682539682539683
5.837356402641915E19	0.9761904761904762
6.336486492606317E19	0.9761904761904762
6.336486492606317E19	0.9841269841269841
1.0266510795288407E20	0.9841269841269841
1.0266510795288407E20	0.9920634920634921
1.1698616236629064E20	0.9920634920634921
1.1698616236629064E20	1.0
1.5E9	1.0
