0	0
-1.5965977119213115	0.0
-1.5965977119213115	0.007936507936507936
-1.2781497652812347E-4	0.007936507936507936
-1.2781497652812347E-4	0.015873015873015872
-2.1916930186798894E-11	0.015873015873015872
-2.1916930186798894E-11	0.023809523809523808
1.0	0.023809523809523808
1.0	0.031746031746031744
1.0	0.031746031746031744
1.0	0.03968253968253968
1.0	0.03968253968253968
1.0	0.047619047619047616
1.0	0.047619047619047616
1.0	0.05555555555555555
1.0	0.05555555555555555
1.0	0.06349206349206349
1.0	0.06349206349206349
1.0	0.07142857142857142
1.0	0.07142857142857142
1.0	0.07936507936507936
1.0	0.07936507936507936
1.0	0.0873015873015873
1.0000000093975352	0.0873015873015873
1.0000000093975352	0.09523809523809523
1.0000000198479564	0.09523809523809523
1.0000000198479564	0.10317460317460317
1.0000000488253726	0.10317460317460317
1.0000000488253726	0.1111111111111111
1.0000000519423007	0.1111111111111111
1.0000000519423007	0.11904761904761904
1.0000000537061133	0.11904761904761904
1.0000000537061133	0.12698412698412698
1.0000000577717616	0.12698412698412698
1.0000000577717616	0.1349206349206349
1.0000001181854037	0.1349206349206349
1.0000001181854037	0.14285714285714285
1.0000001644444714	0.14285714285714285
1.0000001644444714	0.15079365079365079
1.0000005795003357	0.15079365079365079
1.0000005795003357	0.15873015873015872
1.0000006209364887	0.15873015873015872
1.0000006209364887	0.16666666666666666
1.0000008332006942	0.16666666666666666
1.0000008332006942	0.1746031746031746
1.0000010961012014	0.1746031746031746
1.0000010961012014	0.18253968253968253
1.0000025003062516	0.18253968253968253
1.0000025003062516	0.19047619047619047
1.0000059636722063	0.19047619047619047
1.0000059636722063	0.1984126984126984
1.0000065825256204	0.1984126984126984
1.0000065825256204	0.20634920634920634
1.0000096169813744	0.20634920634920634
1.0000096169813744	0.21428571428571427
1.0000213730173688	0.21428571428571427
1.0000213730173688	0.2222222222222222
1.000023241314342	0.2222222222222222
1.000023241314342	0.23015873015873015
1.000028969757798	0.23015873015873015
1.000028969757798	0.23809523809523808
1.0001009824969833	0.23809523809523808
1.0001009824969833	0.24603174603174602
1.0001009824969833	0.24603174603174602
1.0001009824969833	0.25396825396825395
1.0012929514778757	0.25396825396825395
1.0012929514778757	0.2619047619047619
1.00141266833238	0.2619047619047619
1.00141266833238	0.2698412698412698
1.0015194124544138	0.2698412698412698
1.0015194124544138	0.2777777777777778
1.001952012620904	0.2777777777777778
1.001952012620904	0.2857142857142857
1.0019520816255378	0.2857142857142857
1.0019520816255378	0.29365079365079366
1.0023665907852595	0.29365079365079366
1.0023665907852595	0.30158730158730157
1.0024142653333332	0.30158730158730157
1.0024142653333332	0.30952380952380953
1.00318953076221	0.30952380952380953
1.00318953076221	0.31746031746031744
1.0108564303064824	0.31746031746031744
1.0108564303064824	0.3253968253968254
1.0214534634358343	0.3253968253968254
1.0214534634358343	0.3333333333333333
1.0253160086861226	0.3333333333333333
1.0253160086861226	0.3412698412698413
1.0426951458767357	0.3412698412698413
1.0426951458767357	0.3492063492063492
1.0911611000433317	0.3492063492063492
1.0911611000433317	0.35714285714285715
1.1299139596	0.35714285714285715
1.1299139596	0.36507936507936506
1.176593997942568	0.36507936507936506
1.176593997942568	0.373015873015873
1.2055957812	0.373015873015873
1.2055957812	0.38095238095238093
1.2824054521253037	0.38095238095238093
1.2824054521253037	0.3888888888888889
1.2857874985110935	0.3888888888888889
1.2857874985110935	0.3968253968253968
1.3188913623890086	0.3968253968253968
1.3188913623890086	0.40476190476190477
1.337405615457554	0.40476190476190477
1.337405615457554	0.4126984126984127
1.3474921895884742	0.4126984126984127
1.3474921895884742	0.42063492063492064
1.3813292453763357	0.42063492063492064
1.3813292453763357	0.42857142857142855
1.4308194262758382	0.42857142857142855
1.4308194262758382	0.4365079365079365
1.471937668018213	0.4365079365079365
1.471937668018213	0.4444444444444444
1.582820797813061	0.4444444444444444
1.582820797813061	0.4523809523809524
1.6810277741838602	0.4523809523809524
1.6810277741838602	0.4603174603174603
1.9598516208156134	0.4603174603174603
1.9598516208156134	0.46825396825396826
2.226987917187823	0.46825396825396826
2.226987917187823	0.47619047619047616
2.273909701549476	0.47619047619047616
2.273909701549476	0.48412698412698413
2.441545017119401	0.48412698412698413
2.441545017119401	0.49206349206349204
2.5929636152756146	0.49206349206349204
2.5929636152756146	0.5
2.6107852469779003	0.5
2.6107852469779003	0.5079365079365079
2.6664763685141795	0.5079365079365079
2.6664763685141795	0.5158730158730159
3.4076028913755083	0.5158730158730159
3.4076028913755083	0.5238095238095238
4.719229751980678	0.5238095238095238
4.719229751980678	0.5317460317460317
7.229004647320668	0.5317460317460317
7.229004647320668	0.5396825396825397
7.2925282566685246	0.5396825396825397
7.2925282566685246	0.5476190476190477
7.704092607152037	0.5476190476190477
7.704092607152037	0.5555555555555556
9.25691827984295	0.5555555555555556
9.25691827984295	0.5634920634920635
10.5140560854963	0.5634920634920635
10.5140560854963	0.5714285714285714
12.317032763034502	0.5714285714285714
12.317032763034502	0.5793650793650794
14.963908337495692	0.5793650793650794
14.963908337495692	0.5873015873015873
17.94667532043957	0.5873015873015873
17.94667532043957	0.5952380952380952
19.84490189344023	0.5952380952380952
19.84490189344023	0.6031746031746031
32.68936369032847	0.6031746031746031
32.68936369032847	0.6111111111111112
81.7529020774244	0.6111111111111112
81.7529020774244	0.6190476190476191
105.36766013816941	0.6190476190476191
105.36766013816941	0.626984126984127
163.05465349473099	0.626984126984127
163.05465349473099	0.6349206349206349
194.73093775672115	0.6349206349206349
194.73093775672115	0.6428571428571429
206.7908953700816	0.6428571428571429
206.7908953700816	0.6507936507936508
370.21759761675725	0.6507936507936508
370.21759761675725	0.6587301587301587
831.6611616805989	0.6587301587301587
831.6611616805989	0.6666666666666666
31290.81290186576	0.6666666666666666
31290.81290186576	0.6746031746031746
64542.26816426608	0.6746031746031746
64542.26816426608	0.6825396825396826
877606.1109012554	0.6825396825396826
877606.1109012554	0.6904761904761905
1.309006417574373E7	0.6904761904761905
1.309006417574373E7	0.6984126984126984
1.5524264091599222E7	0.6984126984126984
1.5524264091599222E7	0.7063492063492064
2.277625214814248E7	0.7063492063492064
2.277625214814248E7	0.7142857142857143
2.660284606271485E7	0.7142857142857143
2.660284606271485E7	0.7222222222222222
1.5E9	0.7222222222222222
1.5E9	0.7301587301587301
1.5E9	0.7301587301587301
1.5E9	0.7380952380952381
1.5E9	0.7380952380952381
1.5E9	0.746031746031746
1.5E9	0.746031746031746
1.5E9	0.753968253968254
1.5E9	0.753968253968254
1.5E9	0.7619047619047619
1.5E9	0.7619047619047619
1.5E9	0.7698412698412699
1.5E9	0.7698412698412699
1.5E9	0.7777777777777778
1.5E9	0.7777777777777778
1.5E9	0.7857142857142857
1.5E9	0.7857142857142857
1.5E9	0.7936507936507936
1.5E9	0.7936507936507936
1.5E9	0.8015873015873016
1.5E9	0.8015873015873016
1.5E9	0.8095238095238095
1.5E9	0.8095238095238095
1.5E9	0.8174603174603174
1.5E9	0.8174603174603174
1.5E9	0.8253968253968254
1.5E9	0.8253968253968254
1.5E9	0.8333333333333334
1.5E9	0.8333333333333334
1.5E9	0.8412698412698413
1.5E9	0.8412698412698413
1.5E9	0.8492063492063492
1.5E9	0.8492063492063492
1.5E9	0.8571428571428571
1.5E9	0.8571428571428571
1.5E9	0.8650793650793651
1.5E9	0.8650793650793651
1.5E9	0.873015873015873
1.5E9	0.873015873015873
1.5E9	0.8809523809523809
1.5E9	0.8809523809523809
1.5E9	0.8888888888888888
1.5E9	0.8888888888888888
1.5E9	0.8968253968253969
1.5E9	0.8968253968253969
1.5E9	0.9047619047619048
1.5E9	0.9047619047619048
1.5E9	0.9126984126984127
1.5E9	0.9126984126984127
1.5E9	0.9206349206349206
1.5E9	0.9206349206349206
1.5E9	0.9285714285714286
1.8948989664878342E11	0.9285714285714286
1.8948989664878342E11	0.9365079365079365
1.455344374187226E16	0.9365079365079365
1.455344374187226E16	0.9444444444444444
1.4553453737889964E16	0.9444444444444444
1.4553453737889964E16	0.9523809523809523
4.132790874984336E16	0.9523809523809523
4.132790874984336E16	0.9603174603174603
4.305066045823345E19	0.9603174603174603
4.305066045823345E19	0.9682539682539683
5.635874814550797E19	0.9682539682539683
5.635874814550797E19	0.9761904761904762
1.2556640455365609E20	0.9761904761904762
1.2556640455365609E20	0.9841269841269841
2.3271540194897527E20	0.9841269841269841
2.3271540194897527E20	0.9920634920634921
2.8087195173498166E20	0.9920634920634921
2.8087195173498166E20	1.0
1.5E9	1.0
