0	0
-3.7970470462503403E-10	0.0
-3.7970470462503403E-10	0.007936507936507936
1.0	0.007936507936507936
1.0	0.015873015873015872
1.0	0.015873015873015872
1.0	0.023809523809523808
1.0	0.023809523809523808
1.0	0.031746031746031744
1.0	0.031746031746031744
1.0	0.03968253968253968
1.0	0.03968253968253968
1.0	0.047619047619047616
1.0	0.047619047619047616
1.0	0.05555555555555555
1.0	0.05555555555555555
1.0	0.06349206349206349
1.0	0.06349206349206349
1.0	0.07142857142857142
1.0	0.07142857142857142
1.0	0.07936507936507936
1.0	0.07936507936507936
1.0	0.0873015873015873
1.0000000004221798	0.0873015873015873
1.0000000004221798	0.09523809523809523
1.000000001246243	0.09523809523809523
1.000000001246243	0.10317460317460317
1.0000000012489794	0.10317460317460317
1.0000000012489794	0.1111111111111111
1.0000000015740091	0.1111111111111111
1.0000000015740091	0.11904761904761904
1.0000000017147272	0.11904761904761904
1.0000000017147272	0.12698412698412698
1.0000000030870406	0.12698412698412698
1.0000000030870406	0.1349206349206349
1.0000000127390176	0.1349206349206349
1.0000000127390176	0.14285714285714285
1.000000042200002	0.14285714285714285
1.000000042200002	0.15079365079365079
1.000000232888943	0.15079365079365079
1.000000232888943	0.15873015873015872
1.0000003091949152	0.15873015873015872
1.0000003091949152	0.16666666666666666
1.0000003265001067	0.16666666666666666
1.0000003265001067	0.1746031746031746
1.0000003940507391	0.1746031746031746
1.0000003940507391	0.18253968253968253
1.0000007873613863	0.18253968253968253
1.0000007873613863	0.19047619047619047
1.0000013334017779	0.19047619047619047
1.0000013334017779	0.1984126984126984
1.0000020324041305	0.1984126984126984
1.0000020324041305	0.20634920634920634
1.0000020813090693	0.20634920634920634
1.0000020813090693	0.21428571428571427
1.0000108280641495	0.21428571428571427
1.0000108280641495	0.2222222222222222
1.0000108280641495	0.2222222222222222
1.0000108280641495	0.23015873015873015
1.0000664446111296	0.23015873015873015
1.0000664446111296	0.23809523809523808
1.0000684702287101	0.23809523809523808
1.0000684702287101	0.24603174603174602
1.0000763862190145	0.24603174603174602
1.0000763862190145	0.25396825396825395
1.0001018249637557	0.25396825396825395
1.0001018249637557	0.2619047619047619
1.0001018444019791	0.2619047619047619
1.0001018444019791	0.2698412698412698
1.0001538525910023	0.2698412698412698
1.0001538525910023	0.2777777777777778
1.0001799721841589	0.2777777777777778
1.0001799721841589	0.2857142857142857
1.000191628	0.2857142857142857
1.000191628	0.29365079365079366
1.001270857592676	0.29365079365079366
1.001270857592676	0.30158730158730157
1.003551749183886	0.30158730158730157
1.003551749183886	0.30952380952380953
1.0100953947092837	0.30952380952380953
1.0100953947092837	0.31746031746031744
1.0118763449505939	0.31746031746031744
1.0118763449505939	0.3253968253968254
1.01283382012	0.3253968253968254
1.01283382012	0.3333333333333333
1.01851048635	0.3333333333333333
1.01851048635	0.3412698412698413
1.0195091091734643	0.3412698412698413
1.0195091091734643	0.3492063492063492
1.0418331573336743	0.3492063492063492
1.0418331573336743	0.35714285714285715
1.0425034672210645	0.35714285714285715
1.0425034672210645	0.36507936507936506
1.0509638828105585	0.36507936507936506
1.0509638828105585	0.373015873015873
1.0935651142649223	0.373015873015873
1.0935651142649223	0.38095238095238093
1.0942784271796941	0.38095238095238093
1.0942784271796941	0.3888888888888889
1.1040612618304853	0.3888888888888889
1.1040612618304853	0.3968253968253968
1.1584847247970496	0.3968253968253968
1.1584847247970496	0.40476190476190477
1.1724499114113192	0.40476190476190477
1.1724499114113192	0.4126984126984127
1.1852062563170753	0.4126984126984127
1.1852062563170753	0.42063492063492064
1.2283914311137385	0.42063492063492064
1.2283914311137385	0.42857142857142855
1.2859730735778787	0.42857142857142855
1.2859730735778787	0.4365079365079365
1.3163107583189049	0.4365079365079365
1.3163107583189049	0.4444444444444444
1.3861592907065503	0.4444444444444444
1.3861592907065503	0.4523809523809524
1.386283820059801	0.4523809523809524
1.386283820059801	0.4603174603174603
1.3972932438879846	0.4603174603174603
1.3972932438879846	0.46825396825396826
1.4610903755558136	0.46825396825396826
1.4610903755558136	0.47619047619047616
1.6208577431306395	0.47619047619047616
1.6208577431306395	0.48412698412698413
1.673213398553891	0.48412698412698413
1.673213398553891	0.49206349206349204
1.7299267338755033	0.49206349206349204
1.7299267338755033	0.5
2.348966573402088	0.5
2.348966573402088	0.5079365079365079
2.6312259415176213	0.5079365079365079
2.6312259415176213	0.5158730158730159
2.6639382869389743	0.5158730158730159
2.6639382869389743	0.5238095238095238
2.8410383051289867	0.5238095238095238
2.8410383051289867	0.5317460317460317
3.3623067845429193	0.5317460317460317
3.3623067845429193	0.5396825396825397
3.657917213233711	0.5396825396825397
3.657917213233711	0.5476190476190477
3.7895633707483185	0.5476190476190477
3.7895633707483185	0.5555555555555556
4.16699653894691	0.5555555555555556
4.16699653894691	0.5634920634920635
4.207928930988769	0.5634920634920635
4.207928930988769	0.5714285714285714
4.790758309157084	0.5714285714285714
4.790758309157084	0.5793650793650794
4.909787989029167	0.5793650793650794
4.909787989029167	0.5873015873015873
5.310249150634534	0.5873015873015873
5.310249150634534	0.5952380952380952
5.938807321892586	0.5952380952380952
5.938807321892586	0.6031746031746031
8.495016474416548	0.6031746031746031
8.495016474416548	0.6111111111111112
9.575796791253667	0.6111111111111112
9.575796791253667	0.6190476190476191
9.947298968238925	0.6190476190476191
9.947298968238925	0.626984126984127
10.48614894928616	0.626984126984127
10.48614894928616	0.6349206349206349
28.706924622154556	0.6349206349206349
28.706924622154556	0.6428571428571429
29.563837263537213	0.6428571428571429
29.563837263537213	0.6507936507936508
49.42370827768683	0.6507936507936508
49.42370827768683	0.6587301587301587
72.92440714106692	0.6587301587301587
72.92440714106692	0.6666666666666666
130.52607444833868	0.6666666666666666
130.52607444833868	0.6746031746031746
984.523191552287	0.6746031746031746
984.523191552287	0.6825396825396826
1016.2521664542061	0.6825396825396826
1016.2521664542061	0.6904761904761905
1519.632666767848	0.6904761904761905
1519.632666767848	0.6984126984126984
3985.9555374188717	0.6984126984126984
3985.9555374188717	0.7063492063492064
112630.89861225904	0.7063492063492064
112630.89861225904	0.7142857142857143
5.320315189813388E8	0.7142857142857143
5.320315189813388E8	0.7222222222222222
1.5E9	0.7222222222222222
1.5E9	0.7301587301587301
1.5E9	0.7301587301587301
1.5E9	0.7380952380952381
1.5E9	0.7380952380952381
1.5E9	0.746031746031746
1.5E9	0.746031746031746
1.5E9	0.753968253968254
1.5E9	0.753968253968254
1.5E9	0.7619047619047619
1.5E9	0.7619047619047619
1.5E9	0.7698412698412699
1.5E9	0.7698412698412699
1.5E9	0.7777777777777778
1.5E9	0.7777777777777778
1.5E9	0.7857142857142857
1.5E9	0.7857142857142857
1.5E9	0.7936507936507936
1.5E9	0.7936507936507936
1.5E9	0.8015873015873016
1.5E9	0.8015873015873016
1.5E9	0.8095238095238095
1.5E9	0.8095238095238095
1.5E9	0.8174603174603174
1.5E9	0.8174603174603174
1.5E9	0.8253968253968254
1.5E9	0.8253968253968254
1.5E9	0.8333333333333334
1.5E9	0.8333333333333334
1.5E9	0.8412698412698413
1.5E9	0.8412698412698413
1.5E9	0.8492063492063492
1.5E9	0.8492063492063492
1.5E9	0.8571428571428571
1.5E9	0.8571428571428571
1.5E9	0.8650793650793651
1.5E9	0.8650793650793651
1.5E9	0.873015873015873
1.5E9	0.873015873015873
1.5E9	0.8809523809523809
1.5E9	0.8809523809523809
1.5E9	0.8888888888888888
1.5E9	0.8888888888888888
1.5E9	0.8968253968253969
1.5E9	0.8968253968253969
1.5E9	0.9047619047619048
1.5E9	0.9047619047619048
1.5E9	0.9126984126984127
1.5E9	0.9126984126984127
1.5E9	0.9206349206349206
1.5E9	0.9206349206349206
1.5E9	0.9285714285714286
1.6568164529069614E9	0.9285714285714286
1.6568164529069614E9	0.9365079365079365
2.3587222927113397E14	0.9365079365079365
2.3587222927113397E14	0.9444444444444444
8.938379203844321E14	0.9444444444444444
8.938379203844321E14	0.9523809523809523
8.938385340411005E14	0.9523809523809523
8.938385340411005E14	0.9603174603174603
4.403568079109747E15	0.9603174603174603
4.403568079109747E15	0.9682539682539683
2.345659798618967E18	0.9682539682539683
2.345659798618967E18	0.9761904761904762
7.616705394008831E18	0.9761904761904762
7.616705394008831E18	0.9841269841269841
1.1621377301054091E19	0.9841269841269841
1.1621377301054091E19	0.9920634920634921
1.6630550077685539E19	0.9920634920634921
1.6630550077685539E19	1.0
1.5E9	1.0
