0	0
-0.7063392010830106	0.0
-0.7063392010830106	0.007936507936507936
-1.7090331427038398E-11	0.007936507936507936
-1.7090331427038398E-11	0.015873015873015872
1.0	0.015873015873015872
1.0	0.023809523809523808
1.0	0.023809523809523808
1.0	0.031746031746031744
1.0	0.031746031746031744
1.0	0.03968253968253968
1.0	0.03968253968253968
1.0	0.047619047619047616
1.0	0.047619047619047616
1.0	0.05555555555555555
1.0	0.05555555555555555
1.0	0.06349206349206349
1.0000000187950704	0.06349206349206349
1.0000000187950704	0.07142857142857142
1.000000081848476	0.07142857142857142
1.000000081848476	0.07936507936507936
1.0000000840315664	0.07936507936507936
1.0000000840315664	0.0873015873015873
1.0000001024163143	0.0873015873015873
1.0000001024163143	0.09523809523809523
1.000000113779506	0.09523809523809523
1.000000113779506	0.10317460317460317
1.0000001440000208	0.10317460317460317
1.0000001440000208	0.1111111111111111
1.0000001701029813	0.1111111111111111
1.0000001701029813	0.11904761904761904
1.0000003229847807	0.11904761904761904
1.0000003229847807	0.12698412698412698
1.000000526100277	0.12698412698412698
1.000000526100277	0.1349206349206349
1.0000006320003993	0.1349206349206349
1.0000006320003993	0.14285714285714285
1.0000012250096741	0.14285714285714285
1.0000012250096741	0.15079365079365079
1.000002671307136	0.15079365079365079
1.000002671307136	0.15873015873015872
1.0000050510255127	0.15873015873015872
1.0000050510255127	0.16666666666666666
1.0000121390053822	0.16666666666666666
1.0000121390053822	0.1746031746031746
1.000015064331528	0.1746031746031746
1.000015064331528	0.18253968253968253
1.0000155824650316	0.18253968253968253
1.0000155824650316	0.19047619047619047
1.000028117285795	0.19047619047619047
1.000028117285795	0.1984126984126984
1.0000535946398463	0.1984126984126984
1.0000535946398463	0.20634920634920634
1.0001250938884458	0.20634920634920634
1.0001250938884458	0.21428571428571427
1.0001250938884458	0.21428571428571427
1.0001250938884458	0.2222222222222222
1.000245025573004	0.2222222222222222
1.000245025573004	0.23015873015873015
1.0004121889776854	0.23015873015873015
1.0004121889776854	0.23809523809523808
1.002019452536634	0.23809523809523808
1.002019452536634	0.24603174603174602
1.0028592592615437	0.24603174603174602
1.0028592592615437	0.25396825396825395
1.0031746204215635	0.25396825396825395
1.0031746204215635	0.2619047619047619
1.003481301058669	0.2619047619047619
1.003481301058669	0.2698412698412698
1.0039309743567657	0.2698412698412698
1.0039309743567657	0.2777777777777778
1.0039310416591727	0.2777777777777778
1.0039310416591727	0.2857142857142857
1.006654377	0.2857142857142857
1.006654377	0.29365079365079366
1.0130898982738048	0.29365079365079366
1.0130898982738048	0.30158730158730157
1.0378549056468094	0.30158730158730157
1.0378549056468094	0.30952380952380953
1.0449381101086783	0.30952380952380953
1.0449381101086783	0.31746031746031744
1.0506590112824727	0.31746031746031744
1.0506590112824727	0.3253968253968254
1.0737849517933136	0.3253968253968254
1.0737849517933136	0.3333333333333333
1.1196861848042474	0.3333333333333333
1.1196861848042474	0.3412698412698413
1.2153654946912806	0.3412698412698413
1.2153654946912806	0.3492063492063492
1.2168687870000001	0.3492063492063492
1.2168687870000001	0.35714285714285715
1.2621612513720533	0.35714285714285715
1.2621612513720533	0.36507936507936506
1.2774678072463679	0.36507936507936506
1.2774678072463679	0.373015873015873
1.3058136321413347	0.373015873015873
1.3058136321413347	0.38095238095238093
1.3670433128698836	0.38095238095238093
1.3670433128698836	0.3888888888888889
1.3710745124652488	0.3888888888888889
1.3710745124652488	0.3968253968253968
1.3780593591278547	0.3968253968253968
1.3780593591278547	0.40476190476190477
1.379717918988011	0.40476190476190477
1.379717918988011	0.4126984126984127
1.385975589	0.4126984126984127
1.385975589	0.42063492063492064
1.4387223680309003	0.42063492063492064
1.4387223680309003	0.42857142857142855
1.512304888887163	0.42857142857142855
1.512304888887163	0.4365079365079365
1.5459169083710347	0.4365079365079365
1.5459169083710347	0.4444444444444444
1.6120679106524074	0.4444444444444444
1.6120679106524074	0.4523809523809524
1.7108366428856758	0.4523809523809524
1.7108366428856758	0.4603174603174603
1.9282516509061136	0.4603174603174603
1.9282516509061136	0.46825396825396826
2.283825587816412	0.46825396825396826
2.283825587816412	0.47619047619047616
2.714225140356407	0.47619047619047616
2.714225140356407	0.48412698412698413
2.715254859415957	0.48412698412698413
2.715254859415957	0.49206349206349204
2.8714544284625525	0.49206349206349204
2.8714544284625525	0.5
4.056934851881612	0.5
4.056934851881612	0.5079365079365079
4.253092842514778	0.5079365079365079
4.253092842514778	0.5158730158730159
6.794768636831722	0.5158730158730159
6.794768636831722	0.5238095238095238
7.675753062021268	0.5238095238095238
7.675753062021268	0.5317460317460317
8.893453429113114	0.5317460317460317
8.893453429113114	0.5396825396825397
9.350059912377025	0.5396825396825397
9.350059912377025	0.5476190476190477
10.389086499835306	0.5476190476190477
10.389086499835306	0.5555555555555556
10.884478740528412	0.5555555555555556
10.884478740528412	0.5634920634920635
11.651241475203959	0.5634920634920635
11.651241475203959	0.5714285714285714
11.939274577601351	0.5714285714285714
11.939274577601351	0.5793650793650794
12.42553490476684	0.5793650793650794
12.42553490476684	0.5873015873015873
15.4382731986803	0.5873015873015873
15.4382731986803	0.5952380952380952
21.68304313883244	0.5952380952380952
21.68304313883244	0.6031746031746031
24.96023738318774	0.6031746031746031
24.96023738318774	0.6111111111111112
25.25967759724039	0.6111111111111112
25.25967759724039	0.6190476190476191
27.706575514398768	0.6190476190476191
27.706575514398768	0.626984126984127
78.21468663129905	0.626984126984127
78.21468663129905	0.6349206349206349
92.56720832655401	0.6349206349206349
92.56720832655401	0.6428571428571429
179.0975371252591	0.6428571428571429
179.0975371252591	0.6507936507936508
236.6770739185195	0.6507936507936508
236.6770739185195	0.6587301587301587
267.7266730992274	0.6587301587301587
267.7266730992274	0.6666666666666666
719.5542269149428	0.6666666666666666
719.5542269149428	0.6746031746031746
18786.24186479442	0.6746031746031746
18786.24186479442	0.6825396825396826
19007.021544451985	0.6825396825396826
19007.021544451985	0.6904761904761905
44703.65841606321	0.6904761904761905
44703.65841606321	0.6984126984126984
1094700.0427010716	0.6984126984126984
1094700.0427010716	0.7063492063492064
9.433975444305801E8	0.7063492063492064
9.433975444305801E8	0.7142857142857143
1.5E9	0.7142857142857143
1.5E9	0.7222222222222222
1.5E9	0.7222222222222222
1.5E9	0.7301587301587301
1.5E9	0.7301587301587301
1.5E9	0.7380952380952381
1.5E9	0.7380952380952381
1.5E9	0.746031746031746
1.5E9	0.746031746031746
1.5E9	0.753968253968254
1.5E9	0.753968253968254
1.5E9	0.7619047619047619
1.5E9	0.7619047619047619
1.5E9	0.7698412698412699
1.5E9	0.7698412698412699
1.5E9	0.7777777777777778
1.5E9	0.7777777777777778
1.5E9	0.7857142857142857
1.5E9	0.7857142857142857
1.5E9	0.7936507936507936
1.5E9	0.7936507936507936
1.5E9	0.8015873015873016
1.5E9	0.8015873015873016
1.5E9	0.8095238095238095
1.5E9	0.8095238095238095
1.5E9	0.8174603174603174
1.5E9	0.8174603174603174
1.5E9	0.8253968253968254
1.5E9	0.8253968253968254
1.5E9	0.8333333333333334
1.5E9	0.8333333333333334
1.5E9	0.8412698412698413
1.5E9	0.8412698412698413
1.5E9	0.8492063492063492
1.5E9	0.8492063492063492
1.5E9	0.8571428571428571
1.5E9	0.8571428571428571
1.5E9	0.8650793650793651
1.5E9	0.8650793650793651
1.5E9	0.873015873015873
1.5E9	0.873015873015873
1.5E9	0.8809523809523809
1.5E9	0.8809523809523809
1.5E9	0.8888888888888888
1.5E9	0.8888888888888888
1.5E9	0.8968253968253969
1.5E9	0.8968253968253969
1.5E9	0.9047619047619048
1.5E9	0.9047619047619048
1.5E9	0.9126984126984127
1.5E9	0.9126984126984127
1.5E9	0.9206349206349206
1.6803071748116884E10	0.9206349206349206
1.6803071748116884E10	0.9285714285714286
2.7344761110037933E10	0.9285714285714286
2.7344761110037933E10	0.9365079365079365
1.8046105261366468E16	0.9365079365079365
1.8046105261366468E16	0.9444444444444444
1.8046117649793056E16	0.9444444444444444
1.8046117649793056E16	0.9523809523809523
6.7737463613924896E16	0.9523809523809523
6.7737463613924896E16	0.9603174603174603
5.186922211544656E17	0.9603174603174603
5.186922211544656E17	0.9682539682539683
1.212244123491456E20	0.9682539682539683
1.212244123491456E20	0.9761904761904762
1.7148721598999816E20	0.9761904761904762
1.7148721598999816E20	0.9841269841269841
3.561903206756124E20	0.9841269841269841
3.561903206756124E20	0.9920634920634921
3.97919735927748E20	0.9920634920634921
3.97919735927748E20	1.0
1.5E9	1.0
