0	0
-0.020593453650320313	0.0
-0.020593453650320313	0.007936507936507936
-6.294457759782923E-10	0.007936507936507936
-6.294457759782923E-10	0.015873015873015872
1.0	0.015873015873015872
1.0	0.023809523809523808
1.0	0.023809523809523808
1.0	0.031746031746031744
1.0	0.031746031746031744
1.0	0.03968253968253968
1.0	0.03968253968253968
1.0	0.047619047619047616
1.0	0.047619047619047616
1.0	0.05555555555555555
1.0	0.05555555555555555
1.0	0.06349206349206349
1.0	0.06349206349206349
1.0	0.07142857142857142
1.0	0.07142857142857142
1.0	0.07936507936507936
1.0	0.07936507936507936
1.0	0.0873015873015873
1.0	0.0873015873015873
1.0	0.09523809523809523
1.0	0.09523809523809523
1.0	0.10317460317460317
1.0	0.10317460317460317
1.0	0.1111111111111111
1.0	0.1111111111111111
1.0	0.11904761904761904
1.0000000000000173	0.11904761904761904
1.0000000000000173	0.12698412698412698
1.0000000003609968	0.12698412698412698
1.0000000003609968	0.1349206349206349
1.0000000035310221	0.1349206349206349
1.0000000035310221	0.14285714285714285
1.0000000035555556	0.14285714285714285
1.0000000035555556	0.15079365079365079
1.0000000046667723	0.15079365079365079
1.0000000046667723	0.15873015873015872
1.0000000093784174	0.15873015873015872
1.0000000093784174	0.16666666666666666
1.0000000339740867	0.16666666666666666
1.0000000339740867	0.1746031746031746
1.0000000354000014	0.1746031746031746
1.0000000354000014	0.18253968253968253
1.000000652000425	0.18253968253968253
1.000000652000425	0.19047619047619047
1.0000009217008494	0.19047619047619047
1.0000009217008494	0.1984126984126984
1.0000016260327331	0.1984126984126984
1.0000016260327331	0.20634920634920634
1.0000016260327331	0.20634920634920634
1.0000016260327331	0.21428571428571427
1.000001788950173	0.21428571428571427
1.000001788950173	0.2222222222222222
1.0000029539828894	0.2222222222222222
1.0000029539828894	0.23015873015873015
1.0000104125084193	0.23015873015873015
1.0000104125084193	0.23809523809523808
1.0000304394243713	0.23809523809523808
1.0000304394243713	0.24603174603174602
1.0000335286988158	0.24603174603174602
1.0000335286988158	0.25396825396825395
1.0000434683333335	0.25396825396825395
1.0000434683333335	0.2619047619047619
1.0001449763871724	0.2619047619047619
1.0001449763871724	0.2698412698412698
1.0002721391871	0.2698412698412698
1.0002721391871	0.2777777777777778
1.0007375629378	0.2777777777777778
1.0007375629378	0.2857142857142857
1.001181612317561	0.2857142857142857
1.001181612317561	0.29365079365079366
1.001181655790015	0.29365079365079366
1.001181655790015	0.30158730158730157
1.002273415526483	0.30158730158730157
1.002273415526483	0.30952380952380953
1.012499989723882	0.30952380952380953
1.012499989723882	0.31746031746031744
1.0133834904034043	0.31746031746031744
1.0133834904034043	0.3253968253968254
1.0200884197635016	0.3253968253968254
1.0200884197635016	0.3333333333333333
1.0217538320976052	0.3333333333333333
1.0217538320976052	0.3412698412698413
1.0253309508224326	0.3412698412698413
1.0253309508224326	0.3492063492063492
1.2215445480126164	0.3492063492063492
1.2215445480126164	0.35714285714285715
1.3397099925510716	0.35714285714285715
1.3397099925510716	0.36507936507936506
1.3516123332191505	0.36507936507936506
1.3516123332191505	0.373015873015873
1.383560033585156	0.373015873015873
1.383560033585156	0.38095238095238093
1.3958579189048634	0.38095238095238093
1.3958579189048634	0.3888888888888889
1.4052822394217641	0.3888888888888889
1.4052822394217641	0.3968253968253968
1.5168056460687125	0.3968253968253968
1.5168056460687125	0.40476190476190477
1.585180260730631	0.40476190476190477
1.585180260730631	0.4126984126984127
1.5863102672567662	0.4126984126984127
1.5863102672567662	0.42063492063492064
1.6381655879391381	0.42063492063492064
1.6381655879391381	0.42857142857142855
1.6393082491407145	0.42857142857142855
1.6393082491407145	0.4365079365079365
1.7487710124103537	0.4365079365079365
1.7487710124103537	0.4444444444444444
1.9459987901073492	0.4444444444444444
1.9459987901073492	0.4523809523809524
2.0525192807023744	0.4523809523809524
2.0525192807023744	0.4603174603174603
2.20819771889285	0.4603174603174603
2.20819771889285	0.46825396825396826
2.741834927806449	0.46825396825396826
2.741834927806449	0.47619047619047616
2.903405942942285	0.47619047619047616
2.903405942942285	0.48412698412698413
3.3383634727910696	0.48412698412698413
3.3383634727910696	0.49206349206349204
3.7865183328375536	0.49206349206349204
3.7865183328375536	0.5
4.512447363060379	0.5
4.512447363060379	0.5079365079365079
5.144640106077944	0.5079365079365079
5.144640106077944	0.5158730158730159
5.158800684848685	0.5158730158730159
5.158800684848685	0.5238095238095238
5.625401876746914	0.5238095238095238
5.625401876746914	0.5317460317460317
5.986433727833118	0.5317460317460317
5.986433727833118	0.5396825396825397
6.112371025456573	0.5396825396825397
6.112371025456573	0.5476190476190477
6.3860664754304794	0.5476190476190477
6.3860664754304794	0.5555555555555556
6.529805232770756	0.5555555555555556
6.529805232770756	0.5634920634920635
7.296416197722485	0.5634920634920635
7.296416197722485	0.5714285714285714
8.861204004777312	0.5714285714285714
8.861204004777312	0.5793650793650794
10.90203920850368	0.5793650793650794
10.90203920850368	0.5873015873015873
12.60884184792386	0.5873015873015873
12.60884184792386	0.5952380952380952
14.587630235543553	0.5952380952380952
14.587630235543553	0.6031746031746031
16.56909090064621	0.6031746031746031
16.56909090064621	0.6111111111111112
26.35246300765446	0.6111111111111112
26.35246300765446	0.6190476190476191
84.69225052018737	0.6190476190476191
84.69225052018737	0.626984126984127
130.60623393357503	0.626984126984127
130.60623393357503	0.6349206349206349
162.99296536080442	0.6349206349206349
162.99296536080442	0.6428571428571429
744.6696914661293	0.6428571428571429
744.6696914661293	0.6507936507936508
5951.824731440963	0.6507936507936508
5951.824731440963	0.6587301587301587
22549.66021046928	0.6587301587301587
22549.66021046928	0.6666666666666666
198783.23926171483	0.6666666666666666
198783.23926171483	0.6746031746031746
214511.81338432588	0.6746031746031746
214511.81338432588	0.6825396825396826
425200.53486255725	0.6825396825396826
425200.53486255725	0.6904761904761905
1941817.8151237867	0.6904761904761905
1941817.8151237867	0.6984126984126984
2507848.2057413915	0.6984126984126984
2507848.2057413915	0.7063492063492064
1.0247093640376907E7	0.7063492063492064
1.0247093640376907E7	0.7142857142857143
2.0353148695244756E7	0.7142857142857143
2.0353148695244756E7	0.7222222222222222
1.5E9	0.7222222222222222
1.5E9	0.7301587301587301
1.5E9	0.7301587301587301
1.5E9	0.7380952380952381
1.5E9	0.7380952380952381
1.5E9	0.746031746031746
1.5E9	0.746031746031746
1.5E9	0.753968253968254
1.5E9	0.753968253968254
1.5E9	0.7619047619047619
1.5E9	0.7619047619047619
1.5E9	0.7698412698412699
1.5E9	0.7698412698412699
1.5E9	0.7777777777777778
1.5E9	0.7777777777777778
1.5E9	0.7857142857142857
1.5E9	0.7857142857142857
1.5E9	0.7936507936507936
1.5E9	0.7936507936507936
1.5E9	0.8015873015873016
1.5E9	0.8015873015873016
1.5E9	0.8095238095238095
1.5E9	0.8095238095238095
1.5E9	0.8174603174603174
1.5E9	0.8174603174603174
1.5E9	0.8253968253968254
1.5E9	0.8253968253968254
1.5E9	0.8333333333333334
1.5E9	0.8333333333333334
1.5E9	0.8412698412698413
1.5E9	0.8412698412698413
1.5E9	0.8492063492063492
1.5E9	0.8492063492063492
1.5E9	0.8571428571428571
1.5E9	0.8571428571428571
1.5E9	0.8650793650793651
1.5E9	0.8650793650793651
1.5E9	0.873015873015873
1.5E9	0.873015873015873
1.5E9	0.8809523809523809
1.5E9	0.8809523809523809
1.5E9	0.8888888888888888
1.5E9	0.8888888888888888
1.5E9	0.8968253968253969
1.5E9	0.8968253968253969
1.5E9	0.9047619047619048
1.5E9	0.9047619047619048
1.5E9	0.9126984126984127
1.5E9	0.9126984126984127
1.5E9	0.9206349206349206
1.5E9	0.9206349206349206
1.5E9	0.9285714285714286
2.208066820726432E9	0.9285714285714286
2.208066820726432E9	0.9365079365079365
1.1399424565453658E14	0.9365079365079365
1.1399424565453658E14	0.9444444444444444
1.1399432392078366E14	0.9444444444444444
1.1399432392078366E14	0.9523809523809523
7.965961765051112E14	0.9523809523809523
7.965961765051112E14	0.9603174603174603
2.21737079212969312E17	0.9603174603174603
2.21737079212969312E17	0.9682539682539683
2.54834440094036256E17	0.9682539682539683
2.54834440094036256E17	0.9761904761904762
2.01710628789169101E18	0.9761904761904762
2.01710628789169101E18	0.9841269841269841
4.3079373672399048E18	0.9841269841269841
4.3079373672399048E18	0.9920634920634921
6.7909070241481564E19	0.9920634920634921
6.7909070241481564E19	1.0
1.5E9	1.0
