0	0
-0.014478243932703432	0.0
-0.014478243932703432	0.007936507936507936
-2.4459203754073644E-11	0.007936507936507936
-2.4459203754073644E-11	0.015873015873015872
1.0	0.015873015873015872
1.0	0.023809523809523808
1.0	0.023809523809523808
1.0	0.031746031746031744
1.0	0.031746031746031744
1.0	0.03968253968253968
1.0	0.03968253968253968
1.0	0.047619047619047616
1.0	0.047619047619047616
1.0	0.05555555555555555
1.0	0.05555555555555555
1.0	0.06349206349206349
1.0	0.06349206349206349
1.0	0.07142857142857142
1.0	0.07142857142857142
1.0	0.07936507936507936
1.0000000004345042	0.07936507936507936
1.0000000004345042	0.0873015873015873
1.0000000008820116	0.0873015873015873
1.0000000008820116	0.09523809523809523
1.0000000015740091	0.09523809523809523
1.0000000015740091	0.10317460317460317
1.000000004731635	0.10317460317460317
1.000000004731635	0.1111111111111111
1.0000000080000002	0.1111111111111111
1.0000000080000002	0.11904761904761904
1.0000000115	0.11904761904761904
1.0000000115	0.12698412698412698
1.0000000249896597	0.12698412698412698
1.0000000249896597	0.1349206349206349
1.0000001753048968	0.1349206349206349
1.0000001753048968	0.14285714285714285
1.000000589000347	0.14285714285714285
1.000000589000347	0.15079365079365079
1.0000008931043414	0.15079365079365079
1.0000008931043414	0.15873015873015872
1.0000011082012281	0.15873015873015872
1.0000011082012281	0.16666666666666666
1.0000017209425467	0.16666666666666666
1.0000017209425467	0.1746031746031746
1.0000022100048842	0.1746031746031746
1.0000022100048842	0.18253968253968253
1.0000038711260966	0.18253968253968253
1.0000038711260966	0.19047619047619047
1.0000110312458665	0.19047619047619047
1.0000110312458665	0.1984126984126984
1.0000327325014764	0.1984126984126984
1.0000327325014764	0.20634920634920634
1.0000733830666557	0.20634920634920634
1.0000733830666557	0.21428571428571427
1.0000733830666557	0.21428571428571427
1.0000733830666557	0.2222222222222222
1.0003396466157197	0.2222222222222222
1.0003396466157197	0.23015873015873015
1.0003727253633	0.23015873015873015
1.0003727253633	0.23809523809523808
1.0005540410340277	0.23809523809523808
1.0005540410340277	0.24603174603174602
1.0009512198866464	0.24603174603174602
1.0009512198866464	0.25396825396825395
1.0018491934045721	0.25396825396825395
1.0018491934045721	0.2619047619047619
1.0025109183333334	0.2619047619047619
1.0025109183333334	0.2698412698412698
1.007242255684783	0.2698412698412698
1.007242255684783	0.2777777777777778
1.010494836269299	0.2777777777777778
1.010494836269299	0.2857142857142857
1.0104949222919228	0.2857142857142857
1.0104949222919228	0.29365079365079366
1.0264234537025974	0.29365079365079366
1.0264234537025974	0.30158730158730157
1.0374194813	0.30158730158730157
1.0374194813	0.30952380952380953
1.0394972061824024	0.30952380952380953
1.0394972061824024	0.31746031746031744
1.043963721	0.31746031746031744
1.043963721	0.3253968253968254
1.0458756224937797	0.3253968253968254
1.0458756224937797	0.3333333333333333
1.0708754479980425	0.3333333333333333
1.0708754479980425	0.3412698412698413
1.076913146401102	0.3412698412698413
1.076913146401102	0.3492063492063492
1.3470482326693436	0.3492063492063492
1.3470482326693436	0.35714285714285715
1.418365170460258	0.35714285714285715
1.418365170460258	0.36507936507936506
1.4211465561231593	0.36507936507936506
1.4211465561231593	0.373015873015873
1.6124131748231287	0.373015873015873
1.6124131748231287	0.38095238095238093
1.7714688859604375	0.38095238095238093
1.7714688859604375	0.3888888888888889
1.9395676944979383	0.3888888888888889
1.9395676944979383	0.3968253968253968
1.9822651700001566	0.3968253968253968
1.9822651700001566	0.40476190476190477
2.3487618194616795	0.40476190476190477
2.3487618194616795	0.4126984126984127
2.3738436741265585	0.4126984126984127
2.3738436741265585	0.42063492063492064
2.4376675988417933	0.42063492063492064
2.4376675988417933	0.42857142857142855
2.495529138597797	0.42857142857142855
2.495529138597797	0.4365079365079365
2.4957379369968264	0.4365079365079365
2.4957379369968264	0.4444444444444444
2.547968297807857	0.4444444444444444
2.547968297807857	0.4523809523809524
2.6945771496783903	0.4523809523809524
2.6945771496783903	0.4603174603174603
2.7528447581700815	0.4603174603174603
2.7528447581700815	0.46825396825396826
3.1503205583095966	0.46825396825396826
3.1503205583095966	0.47619047619047616
3.7382274447056787	0.47619047619047616
3.7382274447056787	0.48412698412698413
3.8247383885363173	0.48412698412698413
3.8247383885363173	0.49206349206349204
6.314865704284755	0.49206349206349204
6.314865704284755	0.5
7.039095350757133	0.5
7.039095350757133	0.5079365079365079
7.063189943201164	0.5079365079365079
7.063189943201164	0.5158730158730159
7.616936029039245	0.5158730158730159
7.616936029039245	0.5238095238095238
7.857431683794587	0.5238095238095238
7.857431683794587	0.5317460317460317
8.213979648322336	0.5317460317460317
8.213979648322336	0.5396825396825397
10.057273878118322	0.5396825396825397
10.057273878118322	0.5476190476190477
10.411027806806263	0.5476190476190477
10.411027806806263	0.5555555555555556
11.485793455714257	0.5555555555555556
11.485793455714257	0.5634920634920635
13.71253191579694	0.5634920634920635
13.71253191579694	0.5714285714285714
14.333328903790946	0.5714285714285714
14.333328903790946	0.5793650793650794
20.909827396577935	0.5793650793650794
20.909827396577935	0.5873015873015873
21.229602498747024	0.5873015873015873
21.229602498747024	0.5952380952380952
35.384670638607176	0.5952380952380952
35.384670638607176	0.6031746031746031
37.21877984185362	0.6031746031746031
37.21877984185362	0.6111111111111112
65.18337239669987	0.6111111111111112
65.18337239669987	0.6190476190476191
85.22838006044138	0.6190476190476191
85.22838006044138	0.626984126984127
1001.3917197535679	0.626984126984127
1001.3917197535679	0.6349206349206349
12283.231809587822	0.6349206349206349
12283.231809587822	0.6428571428571429
27651.932109572866	0.6428571428571429
27651.932109572866	0.6507936507936508
236165.61486521276	0.6507936507936508
236165.61486521276	0.6587301587301587
400203.6928009304	0.6587301587301587
400203.6928009304	0.6666666666666666
3480204.599555439	0.6666666666666666
3480204.599555439	0.6746031746031746
5507388.674321606	0.6746031746031746
5507388.674321606	0.6825396825396826
2.2385089953156076E7	0.6825396825396826
2.2385089953156076E7	0.6904761904761905
9.74505298215219E7	0.6904761904761905
9.74505298215219E7	0.6984126984126984
1.2582595324768095E8	0.6984126984126984
1.2582595324768095E8	0.7063492063492064
3.679372022973248E8	0.7063492063492064
3.679372022973248E8	0.7142857142857143
1.5E9	0.7142857142857143
1.5E9	0.7222222222222222
1.5E9	0.7222222222222222
1.5E9	0.7301587301587301
1.5E9	0.7301587301587301
1.5E9	0.7380952380952381
1.5E9	0.7380952380952381
1.5E9	0.746031746031746
1.5E9	0.746031746031746
1.5E9	0.753968253968254
1.5E9	0.753968253968254
1.5E9	0.7619047619047619
1.5E9	0.7619047619047619
1.5E9	0.7698412698412699
1.5E9	0.7698412698412699
1.5E9	0.7777777777777778
1.5E9	0.7777777777777778
1.5E9	0.7857142857142857
1.5E9	0.7857142857142857
1.5E9	0.7936507936507936
1.5E9	0.7936507936507936
1.5E9	0.8015873015873016
1.5E9	0.8015873015873016
1.5E9	0.8095238095238095
1.5E9	0.8095238095238095
1.5E9	0.8174603174603174
1.5E9	0.8174603174603174
1.5E9	0.8253968253968254
1.5E9	0.8253968253968254
1.5E9	0.8333333333333334
1.5E9	0.8333333333333334
1.5E9	0.8412698412698413
1.5E9	0.8412698412698413
1.5E9	0.8492063492063492
1.5E9	0.8492063492063492
1.5E9	0.8571428571428571
1.5E9	0.8571428571428571
1.5E9	0.8650793650793651
1.5E9	0.8650793650793651
1.5E9	0.873015873015873
1.5E9	0.873015873015873
1.5E9	0.8809523809523809
1.5E9	0.8809523809523809
1.5E9	0.8888888888888888
1.5E9	0.8888888888888888
1.5E9	0.8968253968253969
1.5E9	0.8968253968253969
1.5E9	0.9047619047619048
1.5E9	0.9047619047619048
1.5E9	0.9126984126984127
1.5E9	0.9126984126984127
1.5E9	0.9206349206349206
5.974450108367543E9	0.9206349206349206
5.974450108367543E9	0.9285714285714286
5.694924451100225E15	0.9285714285714286
5.694924451100225E15	0.9365079365079365
5.694928361476934E15	0.9365079365079365
5.694928361476934E15	0.9444444444444444
3.4002066902292548E16	0.9444444444444444
3.4002066902292548E16	0.9523809523809523
2.5303026471602737E19	0.9523809523809523
2.5303026471602737E19	0.9603174603174603
3.1979850739888968E19	0.9603174603174603
3.1979850739888968E19	0.9682539682539683
7.609618132683317E19	0.9682539682539683
7.609618132683317E19	0.9761904761904762
6.032294813655028E20	0.9761904761904762
6.032294813655028E20	0.9841269841269841
7.691822862446951E20	0.9841269841269841
7.691822862446951E20	0.9920634920634921
9.503265612216072E20	0.9920634920634921
9.503265612216072E20	1.0
1.5E9	1.0
