0	0
-4.200261206356846E-4	0.0
-4.200261206356846E-4	0.007936507936507936
-1.9265594803987633E-9	0.007936507936507936
-1.9265594803987633E-9	0.015873015873015872
1.0	0.015873015873015872
1.0	0.023809523809523808
1.0	0.023809523809523808
1.0	0.031746031746031744
1.0	0.031746031746031744
1.0	0.03968253968253968
1.0	0.03968253968253968
1.0	0.047619047619047616
1.0	0.047619047619047616
1.0	0.05555555555555555
1.0	0.05555555555555555
1.0	0.06349206349206349
1.0	0.06349206349206349
1.0	0.07142857142857142
1.0	0.07142857142857142
1.0	0.07936507936507936
1.0	0.07936507936507936
1.0	0.0873015873015873
1.0	0.0873015873015873
1.0	0.09523809523809523
1.0	0.09523809523809523
1.0	0.10317460317460317
1.0	0.10317460317460317
1.0	0.1111111111111111
1.0	0.1111111111111111
1.0	0.11904761904761904
1.0	0.11904761904761904
1.0	0.12698412698412698
1.0000000000443994	0.12698412698412698
1.0000000000443994	0.1349206349206349
1.0000000000622633	0.1349206349206349
1.0000000000622633	0.14285714285714285
1.0000000002077072	0.14285714285714285
1.0000000002077072	0.15079365079365079
1.0000000005246696	0.15079365079365079
1.0000000005246696	0.15873015873015872
1.0000000006	0.15873015873015872
1.0000000006	0.16666666666666666
1.0000000014558879	0.16666666666666666
1.0000000014558879	0.1746031746031746
1.0000000391111128	0.1746031746031746
1.0000000391111128	0.18253968253968253
1.0000000551262505	0.18253968253968253
1.0000000551262505	0.19047619047619047
1.0000000731000054	0.19047619047619047
1.0000000731000054	0.1984126984126984
1.0000001271688532	0.1984126984126984
1.0000001271688532	0.20634920634920634
1.0000001798951288	0.20634920634920634
1.0000001798951288	0.21428571428571427
1.0000002900865053	0.21428571428571427
1.0000002900865053	0.2222222222222222
1.0000007426005515	0.2222222222222222
1.0000007426005515	0.23015873015873015
1.0000017495030606	0.23015873015873015
1.0000017495030606	0.23809523809523808
1.000002608489399	0.23809523809523808
1.000002608489399	0.24603174603174602
1.000002608489399	0.24603174603174602
1.000002608489399	0.25396825396825395
1.000011458561255	0.25396825396825395
1.000011458561255	0.2619047619047619
1.0000134515343988	0.2619047619047619
1.0000134515343988	0.2698412698412698
1.0000143249085194	0.2698412698412698
1.0000143249085194	0.2777777777777778
1.0000150621160662	0.2777777777777778
1.0000150621160662	0.2857142857142857
1.0000170219218496	0.2857142857142857
1.0000170219218496	0.29365079365079366
1.0000200557403904	0.29365079365079366
1.0000200557403904	0.30158730158730157
1.000038866	0.30158730158730157
1.000038866	0.30952380952380953
1.000040083006583	0.30952380952380953
1.000040083006583	0.31746031746031744
1.0009393369001582	0.31746031746031744
1.0009393369001582	0.3253968253968254
1.0017664326174602	0.3253968253968254
1.0017664326174602	0.3333333333333333
1.0020703394	0.3333333333333333
1.0020703394	0.3412698412698413
1.004815167035	0.3412698412698413
1.004815167035	0.3492063492063492
1.0064188439442576	0.3492063492063492
1.0064188439442576	0.35714285714285715
1.0086289344168067	0.35714285714285715
1.0086289344168067	0.36507936507936506
1.0098096621259116	0.36507936507936506
1.0098096621259116	0.373015873015873
1.0181017084806858	0.373015873015873
1.0181017084806858	0.38095238095238093
1.0438415073630856	0.38095238095238093
1.0438415073630856	0.3888888888888889
1.0483352311670064	0.3888888888888889
1.0483352311670064	0.3968253968253968
1.0669941840662984	0.3968253968253968
1.0669941840662984	0.40476190476190477
1.0982992572467913	0.40476190476190477
1.0982992572467913	0.4126984126984127
1.1282421167590004	0.4126984126984127
1.1282421167590004	0.42063492063492064
1.1513770525232379	0.42063492063492064
1.1513770525232379	0.42857142857142855
1.1623365724180412	0.42857142857142855
1.1623365724180412	0.4365079365079365
1.1730883941332	0.4365079365079365
1.1730883941332	0.4444444444444444
1.1896274524842352	0.4444444444444444
1.1896274524842352	0.4523809523809524
1.2782516529855983	0.4523809523809524
1.2782516529855983	0.4603174603174603
1.2970245100485118	0.4603174603174603
1.2970245100485118	0.46825396825396826
1.309154482065875	0.46825396825396826
1.309154482065875	0.47619047619047616
1.333159619847151	0.47619047619047616
1.333159619847151	0.48412698412698413
1.3521400954871592	0.48412698412698413
1.3521400954871592	0.49206349206349204
1.4488023905013978	0.49206349206349204
1.4488023905013978	0.5
1.4698536542970027	0.5
1.4698536542970027	0.5079365079365079
1.5313684005579773	0.5079365079365079
1.5313684005579773	0.5158730158730159
1.937131853787771	0.5158730158730159
1.937131853787771	0.5238095238095238
2.1431401744196794	0.5238095238095238
2.1431401744196794	0.5317460317460317
2.362236787393927	0.5317460317460317
2.362236787393927	0.5396825396825397
2.3803557128197497	0.5396825396825397
2.3803557128197497	0.5476190476190477
3.1237572263050017	0.5476190476190477
3.1237572263050017	0.5555555555555556
3.1259803766074796	0.5555555555555556
3.1259803766074796	0.5634920634920635
3.7534313552929626	0.5634920634920635
3.7534313552929626	0.5714285714285714
3.9805291974746346	0.5714285714285714
3.9805291974746346	0.5793650793650794
4.3624227253909735	0.5793650793650794
4.3624227253909735	0.5873015873015873
5.337558331191852	0.5873015873015873
5.337558331191852	0.5952380952380952
5.712363136525672	0.5952380952380952
5.712363136525672	0.6031746031746031
6.6465963223735045	0.6031746031746031
6.6465963223735045	0.6111111111111112
6.7127674518433835	0.6111111111111112
6.7127674518433835	0.6190476190476191
10.540735697839878	0.6190476190476191
10.540735697839878	0.626984126984127
11.064863458403043	0.626984126984127
11.064863458403043	0.6349206349206349
11.304315626945181	0.6349206349206349
11.304315626945181	0.6428571428571429
24.68010361908603	0.6428571428571429
24.68010361908603	0.6507936507936508
38.97484465132786	0.6507936507936508
38.97484465132786	0.6587301587301587
43.257572075253776	0.6587301587301587
43.257572075253776	0.6666666666666666
102.52942717253771	0.6666666666666666
102.52942717253771	0.6746031746031746
378.55473346686694	0.6746031746031746
378.55473346686694	0.6825396825396826
41870.957447324	0.6825396825396826
41870.957447324	0.6904761904761905
277439.5119293977	0.6904761904761905
277439.5119293977	0.6984126984126984
317950.8246109785	0.6984126984126984
317950.8246109785	0.7063492063492064
404723.46313953295	0.7063492063492064
404723.46313953295	0.7142857142857143
469083.5293999895	0.7142857142857143
469083.5293999895	0.7222222222222222
1.0889182552568354E7	0.7222222222222222
1.0889182552568354E7	0.7301587301587301
1.5E9	0.7301587301587301
1.5E9	0.7380952380952381
1.5E9	0.7380952380952381
1.5E9	0.746031746031746
1.5E9	0.746031746031746
1.5E9	0.753968253968254
1.5E9	0.753968253968254
1.5E9	0.7619047619047619
1.5E9	0.7619047619047619
1.5E9	0.7698412698412699
1.5E9	0.7698412698412699
1.5E9	0.7777777777777778
1.5E9	0.7777777777777778
1.5E9	0.7857142857142857
1.5E9	0.7857142857142857
1.5E9	0.7936507936507936
1.5E9	0.7936507936507936
1.5E9	0.8015873015873016
1.5E9	0.8015873015873016
1.5E9	0.8095238095238095
1.5E9	0.8095238095238095
1.5E9	0.8174603174603174
1.5E9	0.8174603174603174
1.5E9	0.8253968253968254
1.5E9	0.8253968253968254
1.5E9	0.8333333333333334
1.5E9	0.8333333333333334
1.5E9	0.8412698412698413
1.5E9	0.8412698412698413
1.5E9	0.8492063492063492
1.5E9	0.8492063492063492
1.5E9	0.8571428571428571
1.5E9	0.8571428571428571
1.5E9	0.8650793650793651
1.5E9	0.8650793650793651
1.5E9	0.873015873015873
1.5E9	0.873015873015873
1.5E9	0.8809523809523809
1.5E9	0.8809523809523809
1.5E9	0.8888888888888888
1.5E9	0.8888888888888888
1.5E9	0.8968253968253969
1.5E9	0.8968253968253969
1.5E9	0.9047619047619048
1.5E9	0.9047619047619048
1.5E9	0.9126984126984127
1.5E9	0.9126984126984127
1.5E9	0.9206349206349206
1.5E9	0.9206349206349206
1.5E9	0.9285714285714286
1.5E9	0.9285714285714286
1.5E9	0.9365079365079365
1.839928502514233E14	0.9365079365079365
1.839928502514233E14	0.9444444444444444
1.8399297659147712E14	0.9444444444444444
1.8399297659147712E14	0.9523809523809523
3.730262018429808E14	0.9523809523809523
3.730262018429808E14	0.9603174603174603
1.2310268114330812E15	0.9603174603174603
1.2310268114330812E15	0.9682539682539683
5.646074052910457E17	0.9682539682539683
5.646074052910457E17	0.9761904761904762
1.0061942018593143E18	0.9761904761904762
1.0061942018593143E18	0.9841269841269841
1.2294506959997696E18	0.9841269841269841
1.2294506959997696E18	0.9920634920634921
1.41181650620856678E18	0.9920634920634921
1.41181650620856678E18	1.0
1.5E9	1.0
