0	0
-0.034733341555461275	0.0
-0.034733341555461275	0.007936507936507936
-0.0032786655002350917	0.007936507936507936
-0.0032786655002350917	0.015873015873015872
1.0	0.015873015873015872
1.0	0.023809523809523808
1.0	0.023809523809523808
1.0	0.031746031746031744
1.0	0.031746031746031744
1.0	0.03968253968253968
1.0	0.03968253968253968
1.0	0.047619047619047616
1.0	0.047619047619047616
1.0	0.05555555555555555
1.0	0.05555555555555555
1.0	0.06349206349206349
1.0	0.06349206349206349
1.0	0.07142857142857142
1.0	0.07142857142857142
1.0	0.07936507936507936
1.0	0.07936507936507936
1.0	0.0873015873015873
1.0	0.0873015873015873
1.0	0.09523809523809523
1.0	0.09523809523809523
1.0	0.10317460317460317
1.0	0.10317460317460317
1.0	0.1111111111111111
1.0	0.1111111111111111
1.0	0.11904761904761904
1.0	0.11904761904761904
1.0	0.12698412698412698
1.0	0.12698412698412698
1.0	0.1349206349206349
1.0	0.1349206349206349
1.0	0.14285714285714285
1.0	0.14285714285714285
1.0	0.15079365079365079
1.0	0.15079365079365079
1.0	0.15873015873015872
1.0	0.15873015873015872
1.0	0.16666666666666666
1.0	0.16666666666666666
1.0	0.1746031746031746
1.0	0.1746031746031746
1.0	0.18253968253968253
1.0	0.18253968253968253
1.0	0.19047619047619047
1.0	0.19047619047619047
1.0	0.1984126984126984
1.0	0.1984126984126984
1.0	0.20634920634920634
1.0	0.20634920634920634
1.0	0.21428571428571427
1.0	0.21428571428571427
1.0	0.2222222222222222
1.0	0.2222222222222222
1.0	0.23015873015873015
1.0	0.23015873015873015
1.0	0.23809523809523808
1.0	0.23809523809523808
1.0	0.24603174603174602
1.0	0.24603174603174602
1.0	0.25396825396825395
1.0	0.25396825396825395
1.0	0.2619047619047619
1.0	0.2619047619047619
1.0	0.2698412698412698
1.0	0.2698412698412698
1.0	0.2777777777777778
1.0	0.2777777777777778
1.0	0.2857142857142857
1.0	0.2857142857142857
1.0	0.29365079365079366
1.0	0.29365079365079366
1.0	0.30158730158730157
1.0	0.30158730158730157
1.0	0.30952380952380953
1.0	0.30952380952380953
1.0	0.31746031746031744
1.0	0.31746031746031744
1.0	0.3253968253968254
1.0	0.3253968253968254
1.0	0.3333333333333333
1.0	0.3333333333333333
1.0	0.3412698412698413
1.0	0.3412698412698413
1.0	0.3492063492063492
1.0	0.3492063492063492
1.0	0.35714285714285715
1.0	0.35714285714285715
1.0	0.36507936507936506
1.0	0.36507936507936506
1.0	0.373015873015873
1.0	0.373015873015873
1.0	0.38095238095238093
1.0	0.38095238095238093
1.0	0.3888888888888889
1.0	0.3888888888888889
1.0	0.3968253968253968
1.0	0.3968253968253968
1.0	0.40476190476190477
1.0	0.40476190476190477
1.0	0.4126984126984127
1.0	0.4126984126984127
1.0	0.42063492063492064
1.0	0.42063492063492064
1.0	0.42857142857142855
1.0	0.42857142857142855
1.0	0.4365079365079365
1.0	0.4365079365079365
1.0	0.4444444444444444
1.0	0.4444444444444444
1.0	0.4523809523809524
1.0	0.4523809523809524
1.0	0.4603174603174603
1.0	0.4603174603174603
1.0	0.46825396825396826
1.0	0.46825396825396826
1.0	0.47619047619047616
1.0	0.47619047619047616
1.0	0.48412698412698413
1.0000000003709373	0.48412698412698413
1.0000000003709373	0.49206349206349204
1.0000000006601977	0.49206349206349204
1.0000000006601977	0.5
1.000000000888889	0.5
1.000000000888889	0.5079365079365079
1.0000000107000002	0.5079365079365079
1.0000000107000002	0.5158730158730159
1.0000291336579912	0.5158730158730159
1.0000291336579912	0.5238095238095238
1.000296273406133	0.5238095238095238
1.000296273406133	0.5317460317460317
1.0003186668805957	0.5317460317460317
1.0003186668805957	0.5396825396825397
1.0033320187393266	0.5396825396825397
1.0033320187393266	0.5476190476190477
1.0077554365118375	0.5476190476190477
1.0077554365118375	0.5555555555555556
1.0281505172248695	0.5555555555555556
1.0281505172248695	0.5634920634920635
1.036787289852585	0.5634920634920635
1.036787289852585	0.5714285714285714
1.0399774898681535	0.5714285714285714
1.0399774898681535	0.5793650793650794
1.05302318245298	0.5793650793650794
1.05302318245298	0.5873015873015873
1.056370444308695	0.5873015873015873
1.056370444308695	0.5952380952380952
1.0567304711534133	0.5952380952380952
1.0567304711534133	0.6031746031746031
1.0592307424245453	0.6031746031746031
1.0592307424245453	0.6111111111111112
1.0950196021825753	0.6111111111111112
1.0950196021825753	0.6190476190476191
1.1412606013050801	0.6190476190476191
1.1412606013050801	0.626984126984127
1.151341781897076	0.626984126984127
1.151341781897076	0.6349206349206349
1.1737229026403255	0.6349206349206349
1.1737229026403255	0.6428571428571429
1.1756135639567984	0.6428571428571429
1.1756135639567984	0.6507936507936508
1.199361862635596	0.6507936507936508
1.199361862635596	0.6587301587301587
1.2546850542930184	0.6587301587301587
1.2546850542930184	0.6666666666666666
1.3750000070219235	0.6666666666666666
1.3750000070219235	0.6746031746031746
1.8161592818765004	0.6746031746031746
1.8161592818765004	0.6825396825396826
2.0261442551113666	0.6825396825396826
2.0261442551113666	0.6904761904761905
2.8764883449426786	0.6904761904761905
2.8764883449426786	0.6984126984126984
3.223699960939614	0.6984126984126984
3.223699960939614	0.7063492063492064
13.779261924631578	0.7063492063492064
13.779261924631578	0.7142857142857143
49.558523363170295	0.7142857142857143
49.558523363170295	0.7222222222222222
108.3339104884325	0.7222222222222222
108.3339104884325	0.7301587301587301
2.519878223542691E7	0.7301587301587301
2.519878223542691E7	0.7380952380952381
3.2696438255485195E8	0.7380952380952381
3.2696438255485195E8	0.746031746031746
3.269646070536077E8	0.746031746031746
3.269646070536077E8	0.753968253968254
1.4403361731660273E9	0.753968253968254
1.4403361731660273E9	0.7619047619047619
1.5E9	0.7619047619047619
1.5E9	0.7698412698412699
1.5E9	0.7698412698412699
1.5E9	0.7777777777777778
1.5E9	0.7777777777777778
1.5E9	0.7857142857142857
1.5E9	0.7857142857142857
1.5E9	0.7936507936507936
1.5E9	0.7936507936507936
1.5E9	0.8015873015873016
1.5E9	0.8015873015873016
1.5E9	0.8095238095238095
1.5E9	0.8095238095238095
1.5E9	0.8174603174603174
1.5E9	0.8174603174603174
1.5E9	0.8253968253968254
1.5E9	0.8253968253968254
1.5E9	0.8333333333333334
1.5E9	0.8333333333333334
1.5E9	0.8412698412698413
1.5E9	0.8412698412698413
1.5E9	0.8492063492063492
1.5E9	0.8492063492063492
1.5E9	0.8571428571428571
1.5E9	0.8571428571428571
1.5E9	0.8650793650793651
1.5E9	0.8650793650793651
1.5E9	0.873015873015873
1.5E9	0.873015873015873
1.5E9	0.8809523809523809
1.5E9	0.8809523809523809
1.5E9	0.8888888888888888
1.5E9	0.8888888888888888
1.5E9	0.8968253968253969
1.5E9	0.8968253968253969
1.5E9	0.9047619047619048
1.5E9	0.9047619047619048
1.5E9	0.9126984126984127
1.5E9	0.9126984126984127
1.5E9	0.9206349206349206
1.5E9	0.9206349206349206
1.5E9	0.9285714285714286
1.5E9	0.9285714285714286
1.5E9	0.9365079365079365
1.5E9	0.9365079365079365
1.5E9	0.9444444444444444
1.5E9	0.9444444444444444
1.5E9	0.9523809523809523
1.5E9	0.9523809523809523
1.5E9	0.9603174603174603
1.5E9	0.9603174603174603
1.5E9	0.9682539682539683
6.232445568097633E10	0.9682539682539683
6.232445568097633E10	0.9761904761904762
7.87800423266022E10	0.9761904761904762
7.87800423266022E10	0.9841269841269841
1.9330269271361194E11	0.9841269841269841
1.9330269271361194E11	0.9920634920634921
2.934388114556387E11	0.9920634920634921
2.934388114556387E11	1.0
1.5E9	1.0
