0	0
1.0	0.0
1.0	0.007936507936507936
1.0	0.007936507936507936
1.0	0.015873015873015872
1.0	0.015873015873015872
1.0	0.023809523809523808
1.0	0.023809523809523808
1.0	0.031746031746031744
1.0	0.031746031746031744
1.0	0.03968253968253968
1.0000003862882985	0.03968253968253968
1.0000003862882985	0.047619047619047616
1.000000964900931	0.047619047619047616
1.000000964900931	0.05555555555555555
1.000001020664643	0.05555555555555555
1.000001020664643	0.06349206349206349
1.000002032717965	0.06349206349206349
1.000002032717965	0.07142857142857142
1.0000026636820516	0.07142857142857142
1.0000026636820516	0.07936507936507936
1.0000038159371043	0.07936507936507936
1.0000038159371043	0.0873015873015873
1.0000039119153041	0.0873015873015873
1.0000039119153041	0.09523809523809523
1.0000059573377522	0.09523809523809523
1.0000059573377522	0.10317460317460317
1.0000067104411352	0.10317460317460317
1.0000067104411352	0.1111111111111111
1.0000076634875958	0.1111111111111111
1.0000076634875958	0.11904761904761904
1.0000077832609997	0.11904761904761904
1.0000077832609997	0.12698412698412698
1.00002557845962	0.12698412698412698
1.00002557845962	0.1349206349206349
1.0000414096933967	0.1349206349206349
1.0000414096933967	0.14285714285714285
1.0001348981671938	0.14285714285714285
1.0001348981671938	0.15079365079365079
1.0001631477354564	0.15079365079365079
1.0001631477354564	0.15873015873015872
1.0001798216633504	0.15873015873015872
1.0001798216633504	0.16666666666666666
1.0004328374291598	0.16666666666666666
1.0004328374291598	0.1746031746031746
1.0004845101347435	0.1746031746031746
1.0004845101347435	0.18253968253968253
1.0017625587041545	0.18253968253968253
1.0017625587041545	0.19047619047619047
1.0017625587041545	0.19047619047619047
1.0017625587041545	0.1984126984126984
1.0026045031227768	0.1984126984126984
1.0026045031227768	0.20634920634920634
1.0065546444059863	0.20634920634920634
1.0065546444059863	0.21428571428571427
1.0101314742611884	0.21428571428571427
1.0101314742611884	0.2222222222222222
1.0104677826174981	0.2222222222222222
1.0104677826174981	0.23015873015873015
1.0131502582074483	0.23015873015873015
1.0131502582074483	0.23809523809523808
1.0210638760040394	0.23809523809523808
1.0210638760040394	0.24603174603174602
1.029293165429015	0.24603174603174602
1.029293165429015	0.25396825396825395
1.0292932359646332	0.25396825396825395
1.0292932359646332	0.2619047619047619
1.0315784851506382	0.2619047619047619
1.0315784851506382	0.2698412698412698
1.0355647986076428	0.2698412698412698
1.0355647986076428	0.2777777777777778
1.052263908429666	0.2777777777777778
1.052263908429666	0.2857142857142857
1.0688340718323204	0.2857142857142857
1.0688340718323204	0.29365079365079366
1.08804564909275	0.29365079365079366
1.08804564909275	0.30158730158730157
1.20468740606955	0.30158730158730157
1.20468740606955	0.30952380952380953
1.2101115859631781	0.30952380952380953
1.2101115859631781	0.31746031746031744
1.2279080294177933	0.31746031746031744
1.2279080294177933	0.3253968253968254
1.3050825976080054	0.3253968253968254
1.3050825976080054	0.3333333333333333
1.336770036403671	0.3333333333333333
1.336770036403671	0.3412698412698413
1.3558360269911582	0.3412698412698413
1.3558360269911582	0.3492063492063492
1.3958544021244421	0.3492063492063492
1.3958544021244421	0.35714285714285715
1.5427579535312483	0.35714285714285715
1.5427579535312483	0.36507936507936506
1.765838560894019	0.36507936507936506
1.765838560894019	0.373015873015873
1.869561857156667	0.373015873015873
1.869561857156667	0.38095238095238093
2.428694483504874	0.38095238095238093
2.428694483504874	0.3888888888888889
2.7458998055371575	0.3888888888888889
2.7458998055371575	0.3968253968253968
2.748792613574205	0.3968253968253968
2.748792613574205	0.40476190476190477
3.038923138000179	0.40476190476190477
3.038923138000179	0.4126984126984127
3.192737834183547	0.4126984126984127
3.192737834183547	0.42063492063492064
3.245324320838067	0.42063492063492064
3.245324320838067	0.42857142857142855
3.4863526486271788	0.42857142857142855
3.4863526486271788	0.4365079365079365
3.565251861765079	0.4365079365079365
3.565251861765079	0.4444444444444444
4.09288157059952	0.4444444444444444
4.09288157059952	0.4523809523809524
5.322159268144602	0.4523809523809524
5.322159268144602	0.4603174603174603
5.530432859541055	0.4603174603174603
5.530432859541055	0.46825396825396826
8.34355628144636	0.46825396825396826
8.34355628144636	0.47619047619047616
8.752596156602195	0.47619047619047616
8.752596156602195	0.48412698412698413
9.186511613102372	0.48412698412698413
9.186511613102372	0.49206349206349204
9.602774215177595	0.49206349206349204
9.602774215177595	0.5
9.782743650596162	0.5
9.782743650596162	0.5079365079365079
10.781708082775538	0.5079365079365079
10.781708082775538	0.5158730158730159
10.907836187556276	0.5158730158730159
10.907836187556276	0.5238095238095238
11.868095272284595	0.5238095238095238
11.868095272284595	0.5317460317460317
13.605109456310581	0.5317460317460317
13.605109456310581	0.5396825396825397
13.769802119092764	0.5396825396825397
13.769802119092764	0.5476190476190477
23.236992745030175	0.5476190476190477
23.236992745030175	0.5555555555555556
31.736974708475937	0.5555555555555556
31.736974708475937	0.5634920634920635
37.289453062814424	0.5634920634920635
37.289453062814424	0.5714285714285714
37.490487513776976	0.5714285714285714
37.490487513776976	0.5793650793650794
45.43967467932825	0.5793650793650794
45.43967467932825	0.5873015873015873
52.27405034041717	0.5873015873015873
52.27405034041717	0.5952380952380952
66.03942576793872	0.5952380952380952
66.03942576793872	0.6031746031746031
164.96986469340783	0.6031746031746031
164.96986469340783	0.6111111111111112
538.573171166349	0.6111111111111112
538.573171166349	0.6190476190476191
2272.0182662275206	0.6190476190476191
2272.0182662275206	0.626984126984127
9070.141060142361	0.626984126984127
9070.141060142361	0.6349206349206349
10297.735432642723	0.6349206349206349
10297.735432642723	0.6428571428571429
18728.829765009486	0.6428571428571429
18728.829765009486	0.6507936507936508
116924.37864029825	0.6507936507936508
116924.37864029825	0.6587301587301587
151257.59853554802	0.6587301587301587
151257.59853554802	0.6666666666666666
167012.46201629	0.6666666666666666
167012.46201629	0.6746031746031746
457354.2407481632	0.6746031746031746
457354.2407481632	0.6825396825396826
614206.1182215932	0.6825396825396826
614206.1182215932	0.6904761904761905
1568249.0082741333	0.6904761904761905
1568249.0082741333	0.6984126984126984
3484226.077978823	0.6984126984126984
3484226.077978823	0.7063492063492064
3.7448556024666145E7	0.7063492063492064
3.7448556024666145E7	0.7142857142857143
1.9857066678453034E8	0.7142857142857143
1.9857066678453034E8	0.7222222222222222
2.2089490580398238E8	0.7222222222222222
2.2089490580398238E8	0.7301587301587301
2.5054052201398543E8	0.7301587301587301
2.5054052201398543E8	0.7380952380952381
4.749302213130326E8	0.7380952380952381
4.749302213130326E8	0.746031746031746
8.784880644004802E8	0.746031746031746
8.784880644004802E8	0.753968253968254
9.981486388735309E8	0.753968253968254
9.981486388735309E8	0.7619047619047619
1.5E9	0.7619047619047619
1.5E9	0.7698412698412699
1.5E9	0.7698412698412699
1.5E9	0.7777777777777778
1.5E9	0.7777777777777778
1.5E9	0.7857142857142857
1.5E9	0.7857142857142857
1.5E9	0.7936507936507936
1.5E9	0.7936507936507936
1.5E9	0.8015873015873016
1.5E9	0.8015873015873016
1.5E9	0.8095238095238095
1.5E9	0.8095238095238095
1.5E9	0.8174603174603174
1.5E9	0.8174603174603174
1.5E9	0.8253968253968254
1.5E9	0.8253968253968254
1.5E9	0.8333333333333334
1.5E9	0.8333333333333334
1.5E9	0.8412698412698413
1.5E9	0.8412698412698413
1.5E9	0.8492063492063492
1.5E9	0.8492063492063492
1.5E9	0.8571428571428571
1.5E9	0.8571428571428571
1.5E9	0.8650793650793651
1.5E9	0.8650793650793651
1.5E9	0.873015873015873
1.5E9	0.873015873015873
1.5E9	0.8809523809523809
1.5E9	0.8809523809523809
1.5E9	0.8888888888888888
1.5E9	0.8888888888888888
1.5E9	0.8968253968253969
1.5E9	0.8968253968253969
1.5E9	0.9047619047619048
1.5E9	0.9047619047619048
1.5E9	0.9126984126984127
1.5E9	0.9126984126984127
1.5E9	0.9206349206349206
1.5E9	0.9206349206349206
1.5E9	0.9285714285714286
1.5E9	0.9285714285714286
1.5E9	0.9365079365079365
1.5E9	0.9365079365079365
1.5E9	0.9444444444444444
1.5E9	0.9444444444444444
1.5E9	0.9523809523809523
1.5E9	0.9523809523809523
1.5E9	0.9603174603174603
1.5E9	0.9603174603174603
1.5E9	0.9682539682539683
1.3541035346626215E10	0.9682539682539683
1.3541035346626215E10	0.9761904761904762
3.735867426881039E11	0.9761904761904762
3.735867426881039E11	0.9841269841269841
6.550594735366299E12	0.9841269841269841
6.550594735366299E12	0.9920634920634921
6.153944205318011E14	0.9920634920634921
6.153944205318011E14	1.0
1.5E9	1.0
