0	0
1.0	0.0
1.0	0.007936507936507936
1.0	0.007936507936507936
1.0	0.015873015873015872
1.0	0.015873015873015872
1.0	0.023809523809523808
1.0	0.023809523809523808
1.0	0.031746031746031744
1.0	0.031746031746031744
1.0	0.03968253968253968
1.0	0.03968253968253968
1.0	0.047619047619047616
1.0000000049460713	0.047619047619047616
1.0000000049460713	0.05555555555555555
1.0000000112559793	0.05555555555555555
1.0000000112559793	0.06349206349206349
1.0000000124897932	0.06349206349206349
1.0000000124897932	0.07142857142857142
1.0000000163172145	0.07142857142857142
1.0000000163172145	0.07936507936507936
1.0000000194127785	0.07936507936507936
1.0000000194127785	0.0873015873015873
1.0000000473163524	0.0873015873015873
1.0000000473163524	0.09523809523809523
1.0000003178001011	0.09523809523809523
1.0000003178001011	0.10317460317460317
1.0000007059972287	0.10317460317460317
1.0000007059972287	0.1111111111111111
1.0000008071006514	0.1111111111111111
1.0000008071006514	0.11904761904761904
1.0000024833123626	0.11904761904761904
1.0000024833123626	0.12698412698412698
1.0000025601066926	0.12698412698412698
1.0000025601066926	0.1349206349206349
1.0000038626163867	0.1349206349206349
1.0000038626163867	0.14285714285714285
1.0000054599738797	0.14285714285714285
1.0000054599738797	0.15079365079365079
1.0000077627269262	0.15079365079365079
1.0000077627269262	0.15873015873015872
1.0000225582561908	0.15873015873015872
1.0000225582561908	0.16666666666666666
1.0000296927410153	0.16666666666666666
1.0000296927410153	0.1746031746031746
1.0000770904701095	0.1746031746031746
1.0000770904701095	0.18253968253968253
1.0001126887424003	0.18253968253968253
1.0001126887424003	0.19047619047619047
1.0001126887424003	0.19047619047619047
1.0001126887424003	0.1984126984126984
1.000179790070455	0.1984126984126984
1.000179790070455	0.20634920634920634
1.000312792344912	0.20634920634920634
1.000312792344912	0.21428571428571427
1.0008849690336368	0.21428571428571427
1.0008849690336368	0.2222222222222222
1.0013129850013356	0.2222222222222222
1.0013129850013356	0.23015873015873015
1.0013761126837741	0.23015873015873015
1.0013761126837741	0.23809523809523808
1.0034140195822465	0.23809523809523808
1.0034140195822465	0.24603174603174602
1.0049817419405414	0.24603174603174602
1.0049817419405414	0.25396825396825395
1.0106042287897843	0.25396825396825395
1.0106042287897843	0.2619047619047619
1.010604521617761	0.2619047619047619
1.010604521617761	0.2698412698412698
1.022115782760715	0.2698412698412698
1.022115782760715	0.2777777777777778
1.0258267929873341	0.2777777777777778
1.0258267929873341	0.2857142857142857
1.028143340119331	0.2857142857142857
1.028143340119331	0.29365079365079366
1.0755836032833297	0.29365079365079366
1.0755836032833297	0.30158730158730157
1.0835411178104966	0.30158730158730157
1.0835411178104966	0.30952380952380953
1.1002251677158366	0.30952380952380953
1.1002251677158366	0.31746031746031744
1.1923211301341112	0.31746031746031744
1.1923211301341112	0.3253968253968254
1.2163509415902423	0.3253968253968254
1.2163509415902423	0.3333333333333333
1.2283728993632805	0.3333333333333333
1.2283728993632805	0.3412698412698413
1.2332972482522107	0.3412698412698413
1.2332972482522107	0.3492063492063492
1.303478410424487	0.3492063492063492
1.303478410424487	0.35714285714285715
1.3593242782145945	0.35714285714285715
1.3593242782145945	0.36507936507936506
1.5531084609310144	0.36507936507936506
1.5531084609310144	0.373015873015873
1.6577431942366652	0.373015873015873
1.6577431942366652	0.38095238095238093
1.7478472586919636	0.38095238095238093
1.7478472586919636	0.3888888888888889
1.8665181365461294	0.3888888888888889
1.8665181365461294	0.3968253968253968
1.8735925158596045	0.3968253968253968
1.8735925158596045	0.40476190476190477
2.0276338770319637	0.40476190476190477
2.0276338770319637	0.4126984126984127
2.265862889220336	0.4126984126984127
2.265862889220336	0.42063492063492064
2.319676182899369	0.42063492063492064
2.319676182899369	0.42857142857142855
2.582769421427846	0.42857142857142855
2.582769421427846	0.4365079365079365
2.620573073278746	0.4365079365079365
2.620573073278746	0.4444444444444444
2.759220733702037	0.4444444444444444
2.759220733702037	0.4523809523809524
3.4581234469230644	0.4523809523809524
3.4581234469230644	0.4603174603174603
3.794098351333311	0.4603174603174603
3.794098351333311	0.46825396825396826
3.9214432992049018	0.46825396825396826
3.9214432992049018	0.47619047619047616
4.559247997823349	0.47619047619047616
4.559247997823349	0.48412698412698413
4.659641494199641	0.48412698412698413
4.659641494199641	0.49206349206349204
5.413731656503185	0.49206349206349204
5.413731656503185	0.5
5.835947469027406	0.5
5.835947469027406	0.5079365079365079
6.399650736931214	0.5079365079365079
6.399650736931214	0.5158730158730159
7.166469758411313	0.5158730158730159
7.166469758411313	0.5238095238095238
8.154686610873686	0.5238095238095238
8.154686610873686	0.5317460317460317
8.31136579934053	0.5317460317460317
8.31136579934053	0.5396825396825397
9.55445086904094	0.5396825396825397
9.55445086904094	0.5476190476190477
9.765877759260528	0.5476190476190477
9.765877759260528	0.5555555555555556
17.385145516442453	0.5555555555555556
17.385145516442453	0.5634920634920635
18.28059024905085	0.5634920634920635
18.28059024905085	0.5714285714285714
18.382526603210284	0.5714285714285714
18.382526603210284	0.5793650793650794
21.833382696993315	0.5793650793650794
21.833382696993315	0.5873015873015873
23.225343299197636	0.5873015873015873
23.225343299197636	0.5952380952380952
25.590020265222847	0.5952380952380952
25.590020265222847	0.6031746031746031
42.35345735550102	0.6031746031746031
42.35345735550102	0.6111111111111112
96.60476471487142	0.6111111111111112
96.60476471487142	0.6190476190476191
198.14189574148656	0.6190476190476191
198.14189574148656	0.626984126984127
687.9265106472155	0.626984126984127
687.9265106472155	0.6349206349206349
1767.8031521925536	0.6349206349206349
1767.8031521925536	0.6428571428571429
5161.777955011485	0.6428571428571429
5161.777955011485	0.6507936507936508
15876.717581798635	0.6507936507936508
15876.717581798635	0.6587301587301587
16743.740894596882	0.6587301587301587
16743.740894596882	0.6666666666666666
20264.37894153208	0.6666666666666666
20264.37894153208	0.6746031746031746
20948.69396986663	0.6746031746031746
20948.69396986663	0.6825396825396826
153079.4921851745	0.6825396825396826
153079.4921851745	0.6904761904761905
168755.2371895854	0.6904761904761905
168755.2371895854	0.6984126984126984
720830.6345023967	0.6984126984126984
720830.6345023967	0.7063492063492064
2049293.2015992485	0.7063492063492064
2049293.2015992485	0.7142857142857143
2.2481940702990666E7	0.7142857142857143
2.2481940702990666E7	0.7222222222222222
2.549917183488839E7	0.7222222222222222
2.549917183488839E7	0.7301587301587301
2.8174875395785756E7	0.7301587301587301
2.8174875395785756E7	0.7380952380952381
3.4509287097952455E7	0.7380952380952381
3.4509287097952455E7	0.746031746031746
4.1917816940691724E7	0.746031746031746
4.1917816940691724E7	0.753968253968254
1.2741235151030965E8	0.753968253968254
1.2741235151030965E8	0.7619047619047619
7.841970363560429E8	0.7619047619047619
7.841970363560429E8	0.7698412698412699
1.5E9	0.7698412698412699
1.5E9	0.7777777777777778
1.5E9	0.7777777777777778
1.5E9	0.7857142857142857
1.5E9	0.7857142857142857
1.5E9	0.7936507936507936
1.5E9	0.7936507936507936
1.5E9	0.8015873015873016
1.5E9	0.8015873015873016
1.5E9	0.8095238095238095
1.5E9	0.8095238095238095
1.5E9	0.8174603174603174
1.5E9	0.8174603174603174
1.5E9	0.8253968253968254
1.5E9	0.8253968253968254
1.5E9	0.8333333333333334
1.5E9	0.8333333333333334
1.5E9	0.8412698412698413
1.5E9	0.8412698412698413
1.5E9	0.8492063492063492
1.5E9	0.8492063492063492
1.5E9	0.8571428571428571
1.5E9	0.8571428571428571
1.5E9	0.8650793650793651
1.5E9	0.8650793650793651
1.5E9	0.873015873015873
1.5E9	0.873015873015873
1.5E9	0.8809523809523809
1.5E9	0.8809523809523809
1.5E9	0.8888888888888888
1.5E9	0.8888888888888888
1.5E9	0.8968253968253969
1.5E9	0.8968253968253969
1.5E9	0.9047619047619048
1.5E9	0.9047619047619048
1.5E9	0.9126984126984127
1.5E9	0.9126984126984127
1.5E9	0.9206349206349206
1.5E9	0.9206349206349206
1.5E9	0.9285714285714286
1.5E9	0.9285714285714286
1.5E9	0.9365079365079365
1.5E9	0.9365079365079365
1.5E9	0.9444444444444444
1.5E9	0.9444444444444444
1.5E9	0.9523809523809523
1.5E9	0.9523809523809523
1.5E9	0.9603174603174603
1.5E9	0.9603174603174603
1.5E9	0.9682539682539683
1.5E9	0.9682539682539683
1.5E9	0.9761904761904762
1.9984164087972183E10	0.9761904761904762
1.9984164087972183E10	0.9841269841269841
2.1723474371502354E12	0.9841269841269841
2.1723474371502354E12	0.9920634920634921
1.7184264044449314E13	0.9920634920634921
1.7184264044449314E13	1.0
1.5E9	1.0
