0	0
1.0	0.0
1.0	0.007936507936507936
1.0	0.007936507936507936
1.0	0.015873015873015872
1.0	0.015873015873015872
1.0	0.023809523809523808
1.0	0.023809523809523808
1.0	0.031746031746031744
1.0	0.031746031746031744
1.0	0.03968253968253968
1.0	0.03968253968253968
1.0	0.047619047619047616
1.0000000642989277	0.047619047619047616
1.0000000642989277	0.05555555555555555
1.0000004933470723	0.05555555555555555
1.0000004933470723	0.06349206349206349
1.0000006715510947	0.06349206349206349
1.0000006715510947	0.07142857142857142
1.000000693702585	0.07142857142857142
1.000000693702585	0.07936507936507936
1.0000010976101639	0.07936507936507936
1.0000010976101639	0.0873015873015873
1.0000016080043208	0.0873015873015873
1.0000016080043208	0.09523809523809523
1.000002074304415	0.09523809523809523
1.000002074304415	0.10317460317460317
1.0000023204477262	0.10317460317460317
1.0000023204477262	0.1111111111111111
1.0000025691368022	0.1111111111111111
1.0000025691368022	0.11904761904761904
1.0000025928077074	0.11904761904761904
1.0000025928077074	0.12698412698412698
1.0000026996072886	0.12698412698412698
1.0000026996072886	0.1349206349206349
1.0000071726514466	0.1349206349206349
1.0000071726514466	0.14285714285714285
1.0000224631378976	0.14285714285714285
1.0000224631378976	0.15079365079365079
1.0000334357324596	0.15079365079365079
1.0000334357324596	0.15873015873015872
1.0001028334100637	0.15873015873015872
1.0001028334100637	0.16666666666666666
1.000108212597588	0.16666666666666666
1.000108212597588	0.1746031746031746
1.0002084509359452	0.1746031746031746
1.0002084509359452	0.18253968253968253
1.0005856294554738	0.18253968253968253
1.0005856294554738	0.19047619047619047
1.000883864010693	0.19047619047619047
1.000883864010693	0.1984126984126984
1.000883864010693	0.1984126984126984
1.000883864010693	0.20634920634920634
1.0033068504130551	0.20634920634920634
1.0033068504130551	0.21428571428571427
1.006303669043018	0.21428571428571427
1.006303669043018	0.2222222222222222
1.0084992643842523	0.2222222222222222
1.0084992643842523	0.23015873015873015
1.00856473087218	0.23015873015873015
1.00856473087218	0.23809523809523808
1.008875095604182	0.23809523809523808
1.008875095604182	0.24603174603174602
1.0163897771160668	0.24603174603174602
1.0163897771160668	0.25396825396825395
1.0345473188953245	0.25396825396825395
1.0345473188953245	0.2619047619047619
1.0345474329241202	0.2619047619047619
1.0345474329241202	0.2698412698412698
1.035059289978055	0.2698412698412698
1.035059289978055	0.2777777777777778
1.042598096182062	0.2777777777777778
1.042598096182062	0.2857142857142857
1.0544918594134054	0.2857142857142857
1.0544918594134054	0.29365079365079366
1.085554273270819	0.29365079365079366
1.085554273270819	0.30158730158730157
1.1635680515485567	0.30158730158730157
1.1635680515485567	0.30952380952380953
1.1768014734502816	0.30952380952380953
1.1768014734502816	0.31746031746031744
1.1870760254747894	0.31746031746031744
1.1870760254747894	0.3253968253968254
1.2292569785295528	0.3253968253968254
1.2292569785295528	0.3333333333333333
1.3027201172822298	0.3333333333333333
1.3027201172822298	0.3412698412698413
1.305752904684762	0.3412698412698413
1.305752904684762	0.3492063492063492
1.3221648323706376	0.3492063492063492
1.3221648323706376	0.35714285714285715
1.402827841113383	0.35714285714285715
1.402827841113383	0.36507936507936506
1.7516686974462556	0.36507936507936506
1.7516686974462556	0.373015873015873
1.909637309416727	0.373015873015873
1.909637309416727	0.38095238095238093
2.2912002657923076	0.38095238095238093
2.2912002657923076	0.3888888888888889
2.3376817043999876	0.3888888888888889
2.3376817043999876	0.3968253968253968
2.4016104295057557	0.3968253968253968
2.4016104295057557	0.40476190476190477
2.599421873335673	0.40476190476190477
2.599421873335673	0.4126984126984127
2.882296542308744	0.4126984126984127
2.882296542308744	0.42063492063492064
2.895935590952574	0.42063492063492064
2.895935590952574	0.42857142857142855
3.035527231358611	0.42857142857142855
3.035527231358611	0.4365079365079365
3.4491829030093406	0.4365079365079365
3.4491829030093406	0.4444444444444444
4.105823274020173	0.4444444444444444
4.105823274020173	0.4523809523809524
5.493588355087865	0.4523809523809524
5.493588355087865	0.4603174603174603
5.650229608596802	0.4603174603174603
5.650229608596802	0.46825396825396826
6.047972428037534	0.46825396825396826
6.047972428037534	0.47619047619047616
7.368105341968304	0.47619047619047616
7.368105341968304	0.48412698412698413
8.218862806573352	0.48412698412698413
8.218862806573352	0.49206349206349204
8.227958193238258	0.49206349206349204
8.227958193238258	0.5
8.287425322062187	0.5
8.287425322062187	0.5079365079365079
8.303953526164662	0.5079365079365079
8.303953526164662	0.5158730158730159
8.994528273992	0.5158730158730159
8.994528273992	0.5238095238095238
9.5780787089633	0.5238095238095238
9.5780787089633	0.5317460317460317
9.8938572804992	0.5317460317460317
9.8938572804992	0.5396825396825397
12.207401543716596	0.5396825396825397
12.207401543716596	0.5476190476190477
21.659576623907267	0.5476190476190477
21.659576623907267	0.5555555555555556
29.37554682651589	0.5555555555555556
29.37554682651589	0.5634920634920635
30.622293699182517	0.5634920634920635
30.622293699182517	0.5714285714285714
37.58269051076643	0.5714285714285714
37.58269051076643	0.5793650793650794
38.19990863790662	0.5793650793650794
38.19990863790662	0.5873015873015873
43.25343452227115	0.5873015873015873
43.25343452227115	0.5952380952380952
44.45126591264354	0.5952380952380952
44.45126591264354	0.6031746031746031
153.59579040783063	0.6031746031746031
153.59579040783063	0.6111111111111112
338.93726216576835	0.6111111111111112
338.93726216576835	0.6190476190476191
1692.6583693822886	0.6190476190476191
1692.6583693822886	0.626984126984127
6341.402833159135	0.626984126984127
6341.402833159135	0.6349206349206349
7356.849762163577	0.6349206349206349
7356.849762163577	0.6428571428571429
11938.546346311978	0.6428571428571429
11938.546346311978	0.6507936507936508
59180.36301822596	0.6507936507936508
59180.36301822596	0.6587301587301587
82593.33871532169	0.6587301587301587
82593.33871532169	0.6666666666666666
104922.22158444094	0.6666666666666666
104922.22158444094	0.6746031746031746
263676.879589403	0.6746031746031746
263676.879589403	0.6825396825396826
289892.9551690487	0.6825396825396826
289892.9551690487	0.6904761904761905
442182.7190105343	0.6904761904761905
442182.7190105343	0.6984126984126984
1427308.3719757735	0.6984126984126984
1427308.3719757735	0.7063492063492064
1.2529914859331338E8	0.7063492063492064
1.2529914859331338E8	0.7142857142857143
1.2697891276688164E8	0.7142857142857143
1.2697891276688164E8	0.7222222222222222
1.4211515648049104E8	0.7222222222222222
1.4211515648049104E8	0.7301587301587301
2.121306364684413E8	0.7301587301587301
2.121306364684413E8	0.7380952380952381
4.8855994917845404E8	0.7380952380952381
4.8855994917845404E8	0.746031746031746
1.4836686702778785E9	0.746031746031746
1.4836686702778785E9	0.753968253968254
1.5E9	0.753968253968254
1.5E9	0.7619047619047619
1.5E9	0.7619047619047619
1.5E9	0.7698412698412699
1.5E9	0.7698412698412699
1.5E9	0.7777777777777778
1.5E9	0.7777777777777778
1.5E9	0.7857142857142857
1.5E9	0.7857142857142857
1.5E9	0.7936507936507936
1.5E9	0.7936507936507936
1.5E9	0.8015873015873016
1.5E9	0.8015873015873016
1.5E9	0.8095238095238095
1.5E9	0.8095238095238095
1.5E9	0.8174603174603174
1.5E9	0.8174603174603174
1.5E9	0.8253968253968254
1.5E9	0.8253968253968254
1.5E9	0.8333333333333334
1.5E9	0.8333333333333334
1.5E9	0.8412698412698413
1.5E9	0.8412698412698413
1.5E9	0.8492063492063492
1.5E9	0.8492063492063492
1.5E9	0.8571428571428571
1.5E9	0.8571428571428571
1.5E9	0.8650793650793651
1.5E9	0.8650793650793651
1.5E9	0.873015873015873
1.5E9	0.873015873015873
1.5E9	0.8809523809523809
1.5E9	0.8809523809523809
1.5E9	0.8888888888888888
1.5E9	0.8888888888888888
1.5E9	0.8968253968253969
1.5E9	0.8968253968253969
1.5E9	0.9047619047619048
1.5E9	0.9047619047619048
1.5E9	0.9126984126984127
1.5E9	0.9126984126984127
1.5E9	0.9206349206349206
1.5E9	0.9206349206349206
1.5E9	0.9285714285714286
1.5E9	0.9285714285714286
1.5E9	0.9365079365079365
1.5E9	0.9365079365079365
1.5E9	0.9444444444444444
1.5E9	0.9444444444444444
1.5E9	0.9523809523809523
1.5E9	0.9523809523809523
1.5E9	0.9603174603174603
8.720696132879234E9	0.9603174603174603
8.720696132879234E9	0.9682539682539683
1.7476786453993713E11	0.9682539682539683
1.7476786453993713E11	0.9761904761904762
3.355943991155153E12	0.9761904761904762
3.355943991155153E12	0.9841269841269841
2.3666778628454656E13	0.9841269841269841
2.3666778628454656E13	0.9920634920634921
1.034530227953282E21	0.9920634920634921
1.034530227953282E21	1.0
1.5E9	1.0
